10000010110 1
10000010011 1
10000111111 1
10000010101 1
10000110100 1
10010100100 1
10001001101 1
10011010011 1
111001010101 1
10000110101 1
011010 31
10010100101 1
10010111000 1
10010110000 1
10001011101 1
10001110111 1
10000101101 1
10011001100 1
10000101010 1
10001010001 1
10001001111 1
10001000101 1
10000110000 1
10000111100 1
10001101011 1
10010111001 1
10010111010 1
10010110001 1
10010110010 1
111001011110 1
10011000011 1
10011010001 1
10000100111 1
10001110000 1
10011011111 1
10011001101 1
10011001111 1
10000101011 1
10001011111 1
10001100000 1
10010101111 1
10001111100 1
10001000011 1
10010000111 1
10000110010 1
10000110001 1
10001101100 1
10000111101 1
10011100100 1
10000111010 1
10010100011 1
10010000100 1
11100100101 1
10010111011 1
111001011000 1
10001010100 1
10011101001 1
10010110011 1
10010110100 1
111001011111 1
11100101000 1
111001011100 1
10011100011 1
10000011111 1
10011010101 1
10000011101 1
10001110011 1
10001110001 1
10000101111 1
10000100011 1
10011000001 1
10011000101 1
10011000111 1
10011011000 1
10011001010 1
10001011001 1
10001011011 1
10011001000 1
11100100110 1
10001100001 1
10001010011 1
10001111011 1
10001111111 1
10001111101 1
10001000001 1
111001011011 1
10001100111 1
10001000111 1
10010000001 1
10000110011 1
10011100111 1
10000011000 1
10000011001 1
10001101101 1
10000111110 1
10011100000 1
10011100001 1
1111 191
110110 38
10100 68
000010 25
0001 101
00000 45
1110011 22
10101 70
0011 104
1000000 15
1101110 21
11010 78
0100 105
11101 97
1011 141
011011 31
1001111 18
0101 114
0111 124
0010 103
1100 146
1001001 16
111000 43
000011 28
01100 61
1101111 21
111001011101 1
10011100010 1
10010001010 1
10010001011 1
10011010111 1
10000100101 1
10000100001 1
10000100110 1
10001110100 1
10001110101 1
10000010000 1
10000010001 1
10011011101 1
10000101110 1
10010101001 1
10011011110 1
10010001110 1
10010001111 1
10011011010 1
10011011011 1
10010110110 1
10010110111 1
10010101010 1
10010101011 1
10011011001 1
10000101001 1
10011001011 1
11100100001 1
11100100010 1
11100100011 1
10010100000 1
10010100001 1
10011001001 1
10010001101 1
11100100111 1
10001100011 1
10010101101 1
10001010010 1
10010100111 1
10010101110 1
10001100100 1
10001100101 1
10001101000 1
10001101001 1
10001101111 1
10001000000 1
10010001001 1
10010111111 1
10001010111 1
10000011011 1
10000110111 1
10001001011 1
10011101111 1
10010000011 1
10001001000 1
10001001001 1
10011100110 1
10010000000 1
10010000010 1
10011101110 1
10001000110 1
10010000110 1
10001000100 1
10001001010 1
10000110110 1
10001100110 1
10000011010 1
10001010110 1
111001011010 1
10001000010 1
10010111110 1
10010001000 1
10011100101 1
10001101110 1
10001101010 1
10001001110 1
10000111011 1
10001111110 1
10010100010 1
10001111010 1
10011101100 1
10010100110 1
10011101101 1
10010101100 1
10010000101 1
10001010000 1
11100100100 1
10001100010 1
10010111100 1
10010001100 1
10010111101 1
10001011110 1
10000111000 1
10001011010 1
10000111001 1
10001011000 1
111001011001 1
11100100000 1
10001001100 1
10000101000 1
10001010101 1
10011001110 1
10011101000 1
10011000110 1
10011101010 1
10011000100 1
10011101011 1
111001010100 1
10001111000 1
10011000000 1
10001111001 1
10000100010 1
10010110101 1
10010101000 1
10001011100 1
10011011100 1
111001010110 1
10000101100 1
111001010111 1
10001110010 1
11100101001 1
10000011100 1
10011000010 1
10000100000 1
10011010100 1
10000100100 1
10011010110 1
10000011110 1
10011010000 1
10001110110 1
10011010010 1
10000010100 1
10000010010 1
10000010111 1
