01001110100000110 1
01001110100000100 1
00011000101100101 1
01001110100000101 1
00011000110011110 1
00011000101101110 1
00011000100100111 1
00011000100001001 1
00011000100010010 1
00011000110011111 1
10110 7072
00011000101101111 1
00011000100001100 1
00011000100100100 1
00011000100101111 1
00011000100100010 1
101110111111101110 1
00011000100010011 1
00011000101111011 1
00011000101111100 1
101110111111111110 1
00011000101010011 1
00011000100011110 1
101110111111100000 1
00011000101110111 1
00011000100001101 1
00011000101100110 1
00011000100100101 1
00011000101001100 1
00011000110000100 1
00011000110000011 1
00011000100100011 1
110 28835
101001010 341
000110001101 33
0001100010101111 2
0100111010000111 2
000110001000101 4
101110111111010 7
0001111 1080
0100111010100 18
0100111010001 18
00011000111 65
0001100010110000 2
101011 3365
0001101 1049
101000 2829
10111011111100 13
010011101001 35
101110111110 59
010011101011 38
10100101100010 11
000110001010000 4
000110001010010 4
10100101100000 8
000110001100110 4
010011101000010 4
0001100010011 16
101111011 507
10100100 700
0100111010000000 2
1010010110001111 3
10111011111110010 2
101110010 434
101001011000110 6
01101010 662
000110011 265
1011101101 225
0110101111 179
011010110 337
1010010111 207
010011100 288
10111010 893
10111100 927
0100111010101 18
0100111011 145
000110000 258
000111000 266
1011101110 235
101110011 436
010011110 297
10100101101 99
1011101100 225
010011111 303
10111000 849
01101011100 79
101001011001 45
101111010 474
10100101100001 11
10111011110 118
00011000101100010 1
000111011 270
00011000100011111 1
000111010 270
00011000110010101 1
0001100010000001 2
101110111111100001 1
0101 9864
1010011 1710
011100 2687
01100 5187
1110 15825
011011 2685
010010 2328
11110 8102
0000 8224
0001110011 134
0100110 1172
01111 5942
00010 4227
0011 8644
1000 11561
1011111 1958
0001110010 132
11111 8166
0010 8557
1001 11878
01000 4544
0110100 1260
011101 2773
000110010 264
101010 3321
01101011101 79
00011000100101010 1
00011000101110010 1
00011000101110011 1
1010010110001110 3
00011000110001101 1
101110111111100111 1
00011000100001011 1
00011000100100001 1
101110111111101011 1
101110111111101000 1
101110111111101001 1
101110111111101101 1
101110111111101111 1
00011000110001110 1
00011000110001111 1
101110111111011110 1
101110111111011111 1
01001110100001101 1
00011000101011100 1
00011000101011101 1
00011000100010000 1
00011000100010001 1
01001110100000011 1
00011000101111000 1
00011000101111001 1
101110111111110010 1
101110111111110011 1
00011000101111010 1
101110111111110101 1
101110111111110000 1
101110111111110001 1
101110111111011100 1
101110111111011101 1
101110111111111000 1
101110111111111001 1
101110111111111011 1
00011000101111101 1
00011000110011100 1
00011000110011101 1
00011000101111111 1
00011000101011000 1
00011000101011001 1
101110111111111100 1
101110111111111101 1
101110111111111111 1
00011000101011011 1
101110111111110110 1
101110111111110111 1
00011000101010000 1
00011000101010001 1
00011000101010100 1
00011000101010101 1
00011000101100011 1
00011000110010110 1
00011000110010111 1
00011000100011010 1
00011000100011011 1
00011000110010011 1
00011000100011000 1
00011000100011001 1
00011000101110000 1
00011000101110001 1
00011000100011101 1
00011000110010100 1
101110111111011000 1
101110111111011001 1
00011000100000000 1
00011000100000001 1
00011000101101000 1
00011000101101001 1
00011000101101101 1
101110111111100010 1
101110111111100011 1
00011000101110100 1
00011000101110101 1
00011000101110110 1
00011000100000110 1
00011000100000111 1
00011000101101010 1
00011000101101100 1
00011000101101011 1
00011000100001110 1
00011000100001111 1
00011000101100100 1
00011000110001010 1
00011000110001011 1
00011000110001000 1
00011000100011100 1
00011000110001001 1
00011000101000100 1
00011000101000101 1
00011000110010010 1
00011000101100111 1
00011000100000100 1
00011000100000101 1
00011000101010010 1
00011000101000110 1
00011000101000111 1
00011000100100110 1
00011000101011010 1
00011000101001110 1
00011000101001111 1
00011000110010000 1
00011000101111110 1
00011000110010001 1
00011000100101000 1
00011000100101001 1
101110111111111010 1
00011000101001101 1
00011000100101100 1
00011000100101101 1
101110111111110100 1
00011000110000110 1
00011000110000111 1
00011000100101110 1
01001110100000010 1
00011000110000101 1
00011000110000000 1
00011000110000001 1
01001110100001100 1
00011000101010110 1
00011000101010111 1
00011000110000010 1
101110111111101100 1
00011000100101011 1
101110111111101010 1
00011000100100000 1
00011000100001010 1
101110111111011010 1
00011000110001100 1
101110111111011011 1
00011000100001000 1
101110111111100110 1
01001110100000111 1