011 314
111 484
110010101 7
110111110 8
101110110 6
100011100 5
101101110 6
110101101 7
100001000 5
010101001 5
00100000 8
001001111 4
110110011 7
101010100 6
001100011 4
100011010 5
110100111 7
101100110 6
001000011 4
110111000 8
00110010 8
01010101 10
101100001 6
101111010 6
01000010 8
1010010011 3
010001010 4
010101111 5
10111110011 2
00111011 8
101110000 6
110101001 7
100001010 5
010000001 4
100001011 5
001011101 4
010111101 5
100010001 5
00100100 8
001101100 4
110011111 7
001101101 4
0010100010 2
1101110011 4
100010111 5
11011110111 2
100001100 5
110110110 7
100000110 5
101011011 6
001100110 4
100000000 5
0010100001 2
101100011 6
10100111 12
0100011001 2
110100001 7
01000111 9
110110001 7
110101010 7
101101111 6
110010100 6
101000101 6
001101111 4
110011100 7
01001110 9
00101010 8
101011111 6
101110010 6
101110011 6
001011100 4
101010011 6
01010000 9
0010100011 2
101011001 6
110101111 7
01010001 9
101111111 6
101101100 6
1011100011 3
110110111 8
1011001000 3
1011011010 3
110010110 7
01011101 10
101000100 6
110010111 7
100011000 5
101101010 6
101111000 6
110110010 7
101001010 6
1010011001 3
101001011 6
010000110 4
100001101 5
010100110 5
00111001 8
100000101 5
00111000 8
01001100 9
101110100 6
101110101 6
100001110 5
010110001 5
1010111010 3
101000111 6
00100101 8
110101011 7
101110111 6
101011100 6
101010111 6
110110100 7
110011010 7
001111111 4
1010100011 3
001001110 4
010001000 4
1010011011 3
010001101 4
001110101 4
01000001 8
01001011 9
00110101 8
110110000 7
110101000 7
1101110110 4
101000000 6
001011010 4
101000001 6
01010010 10
11011110110 2
110010010 6
100001001 5
110010011 6
110100110 7
101011110 6
110100000 7
001011011 4
00100011 8
01011010 10
110101100 7
1011111000 3
101010010 6
01011011 10
010111100 5
1101111000 4
1101111001 4
010000000 4
110101110 7
100011011 5
00111101 8
010111110 5
010111111 5
101100111 6
1011100010 3
001110100 4
110100010 7
110100011 7
1011001001 3
11000 101
100010011 5
010110010 5
1011011011 3
00100110 8
110100101 7
101111101 6
10000001 10
010110011 5
010101000 5
1010011000 3
101000011 6
100010110 5
01001010 9
01001001 9
0010100000 2
001000010 4
101101011 6
101100000 6
01001000 9
01011100 10
101111001 6
101000010 6
1101110010 4
101100101 6
110011110 7
1010010010 3
100011001 5
010000111 4
1101111010 4
00111100 8
010100111 5
001100111 4
100000100 5
101111011 6
101001000 6
110011011 7
0100011000 2
101010000 6
01001101 9
110011000 7
101011010 6
1101110100 4
100000111 5
000 237
110011101 7
10110100 12
101100010 6
110111111 8
1101110101 4
001100010 4
100001111 5
1010111011 3
101111110 6
100000001 5
010001011 4
00100010 8
1010011010 3
110010000 6
100010100 5
110010001 6
001111110 4
100010101 5
001101000 4
00111110 8
110011001 7
101010101 6
10001111 11
101010110 6
001101001 4
100011101 5
00101111 8
010101110 5
1010100010 3
0011000000 2
100010000 5
0011000001 2
101011000 6
0011011100 2
01001111 9
010101101 5
010001001 4
110110101 7
1010001100 3
00101001 8
1010001101 3
0011011101 2
010110000 5
110100100 7
010101100 5
1101110111 4
00101100 8
001100001 4
00101011 8
100010010 5
1001 185
10111110010 1