3050
88.0 -109.0 86.0 -102.0
125.0 -118.0 119.0 -121.0
4.0 -21.0 0.0 -27.0
-21.0 93.0 -22.0 100.0
-63.0 -92.0 -58.0 -93.0
-124.0 -100.0 -133.0 -96.0
-8.0 80.0 -6.0 73.0
121.0 19.0 127.0 20.0
-4.0 31.0 1.0 28.0
-50.0 112.0 -43.0 108.0
-96.0 111.0 -95.0 106.0
55.0 -122.0 48.0 -128.0
-34.0 88.0 -36.0 82.0
-103.0 128.0 -108.0 122.0
100.0 91.0 102.0 96.0
3.0 79.0 11.0 84.0
-5.0 -50.0 -9.0 -44.0
-24.0 56.0 -21.0 64.0
110.0 -20.0 104.0 -18.0
-94.0 -85.0 -89.0 -88.0
95.0 29.0 96.0 38.0
95.0 115.0 102.0 111.0
8.0 76.0 9.0 71.0
-125.0 -61.0 -134.0 -55.0
4.0 -85.0 10.0 -83.0
-97.0 -116.0 -93.0 -111.0
-36.0 -89.0 -31.0 -91.0
61.0 51.0 56.0 52.0
131.0 -123.0 126.0 -131.0
102.0 46.0 107.0 42.0
9.0 -27.0 15.0 -26.0
-48.0 134.0 -49.0 125.0
16.0 1.0 23.0 6.0
-28.0 -61.0 -23.0 -62.0
-78.0 66.0 -75.0 70.0
115.0 26.0 117.0 20.0
118.0 97.0 122.0 89.0
100.0 -50.0 94.0 -53.0
65.0 -33.0 56.0 -33.0
90.0 27.0 96.0 19.0
59.0 -17.0 53.0 -19.0
116.0 45.0 113.0 50.0
-30.0 -0.0 -23.0 -7.0
-9.0 -82.0 -14.0 -84.0
99.0 110.0 92.0 113.0
81.0 -45.0 87.0 -44.0
71.0 33.0 72.0 26.0
-54.0 -36.0 -47.0 -42.0
126.0 -105.0 120.0 -103.0
-9.0 -34.0 -4.0 -38.0
-60.0 -104.0 -58.0 -99.0
-25.0 -113.0 -32.0 -113.0
-22.0 -51.0 -17.0 -48.0
-86.0 21.0 -92.0 28.0
68.0 71.0 64.0 63.0
-9.0 -28.0 -1.0 -30.0
58.0 57.0 61.0 62.0
81.0 35.0 84.0 43.0
-83.0 -60.0 -80.0 -55.0
100.0 41.0 106.0 35.0
89.0 -122.0 96.0 -123.0
121.0 52.0 120.0 58.0
-4.0 -4.0 3.0 -4.0
27.0 78.0 20.0 73.0
-20.0 40.0 -24.0 36.0
-63.0 -44.0 -66.0 -48.0
30.0 51.0 37.0 43.0
-22.0 -67.0 -15.0 -64.0
20.0 -28.0 13.0 -28.0
35.0 -57.0 39.0 -63.0
-94.0 41.0 -102.0 46.0
-74.0 -69.0 -65.0 -67.0
-7.0 -61.0 -8.0 -70.0
127.0 35.0 122.0 38.0
-45.0 64.0 -53.0 67.0
-125.0 115.0 -132.0 118.0
48.0 59.0 47.0 67.0
15.0 -10.0 10.0 -11.0
-48.0 -98.0 -53.0 -96.0
75.0 -15.0 81.0 -17.0
23.0 116.0 25.0 112.0
-112.0 30.0 -113.0 25.0
-72.0 -90.0 -67.0 -87.0
-31.0 8.0 -30.0 1.0
-92.0 -125.0 -96.0 -120.0
-115.0 43.0 -120.0 46.0
-16.0 69.0 -24.0 64.0
121.0 -53.0 124.0 -58.0
-130.0 -26.0 -128.0 -20.0
49.0 34.0 47.0 39.0
-86.0 -97.0 -91.0 -100.0
61.0 -18.0 70.0 -18.0
84.0 -32.0 77.0 -27.0
-81.0 -11.0 -82.0 -17.0
-20.0 -129.0 -13.0 -128.0
-75.0 62.0 -69.0 66.0
108.0 73.0 115.0 72.0
12.0 -28.0 18.0 -33.0
-78.0 -76.0 -81.0 -72.0
65.0 41.0 72.0 37.0
-4.0 79.0 -5.0 73.0
110.0 -59.0 107.0 -66.0
72.0 125.0 81.0 122.0
-77.0 83.0 -82.0 89.0
62.0 -46.0 68.0 -45.0
-82.0 -16.0 -83.0 -26.0
-117.0 28.0 -114.0 23.0
28.0 -121.0 24.0 -127.0
-55.0 54.0 -60.0 61.0
46.0 -106.0 39.0 -109.0
-75.0 35.0 -82.0 28.0
83.0 76.0 84.0 68.0
79.0 18.0 72.0 21.0
-114.0 -72.0 -108.0 -71.0
-47.0 16.0 -52.0 11.0
-77.0 20.0 -72.0 22.0
-81.0 95.0 -75.0 89.0
-21.0 9.0 -28.0 5.0
-94.0 -42.0 -92.0 -35.0
14.0 130.0 8.0 128.0
60.0 12.0 55.0 15.0
-3.0 12.0 3.0 8.0
24.0 24.0 26.0 17.0
59.0 94.0 52.0 96.0
-44.0 -71.0 -37.0 -65.0
-26.0 -103.0 -24.0 -99.0
-56.0 124.0 -51.0 129.0
17.0 30.0 15.0 36.0
113.0 48.0 116.0 43.0
-70.0 63.0 -66.0 66.0
-44.0 23.0 -49.0 17.0
-96.0 -127.0 -87.0 -125.0
-73.0 -2.0 -78.0 6.0
68.0 3.0 72.0 -6.0
133.0 60.0 126.0 64.0
-9.0 4.0 -12.0 -2.0
118.0 18.0 120.0 23.0
23.0 -25.0 30.0 -24.0
91.0 61.0 92.0 67.0
97.0 125.0 90.0 123.0
41.0 -15.0 45.0 -20.0
117.0 -29.0 114.0 -35.0
44.0 2.0 51.0 -0.0
-32.0 93.0 -22.0 91.0
91.0 -34.0 85.0 -36.0
-81.0 118.0 -75.0 121.0
-88.0 92.0 -82.0 91.0
-108.0 120.0 -113.0 118.0
-5.0 5.0 2.0 5.0
109.0 71.0 117.0 70.0
32.0 -29.0 25.0 -30.0
20.0 47.0 28.0 48.0
127.0 46.0 122.0 49.0
-47.0 68.0 -39.0 66.0
-96.0 35.0 -98.0 43.0
78.0 87.0 83.0 85.0
123.0 -37.0 129.0 -36.0
-94.0 -3.0 -92.0 -8.0
133.0 -68.0 126.0 -64.0
-118.0 -53.0 -123.0 -61.0
-95.0 -50.0 -91.0 -55.0
90.0 32.0 94.0 29.0
-99.0 -21.0 -105.0 -17.0
42.0 31.0 34.0 36.0
35.0 -77.0 32.0 -83.0
-9.0 -127.0 -19.0 -126.0
-16.0 -94.0 -21.0 -92.0
-128.0 -8.0 -122.0 -5.0
77.0 109.0 79.0 99.0
-65.0 -106.0 -63.0 -102.0
100.0 123.0 108.0 119.0
93.0 -72.0 96.0 -78.0
-17.0 -113.0 -23.0 -120.0
8.0 109.0 7.0 102.0
-10.0 -51.0 -20.0 -52.0
47.0 86.0 52.0 92.0
86.0 71.0 85.0 76.0
-36.0 105.0 -31.0 110.0
130.0 -113.0 126.0 -107.0
-11.0 36.0 -19.0 40.0
-67.0 -129.0 -73.0 -130.0
-5.0 -25.0 0.0 -28.0
8.0 -28.0 6.0 -34.0
121.0 11.0 119.0 18.0
2.0 74.0 -1.0 80.0
-94.0 62.0 -89.0 56.0
-9.0 32.0 -11.0 37.0
72.0 52.0 69.0 56.0
-19.0 -31.0 -23.0 -39.0
-121.0 -119.0 -126.0 -116.0
-39.0 131.0 -45.0 123.0
-5.0 -36.0 4.0 -36.0
123.0 83.0 128.0 82.0
-16.0 -106.0 -15.0 -114.0
86.0 132.0 88.0 125.0
-128.0 68.0 -129.0 62.0
68.0 61.0 74.0 57.0
-1.0 68.0 7.0 63.0
119.0 28.0 125.0 28.0
63.0 -23.0 62.0 -31.0
87.0 -104.0 78.0 -107.0
-88.0 81.0 -92.0 76.0
21.0 126.0 18.0 118.0
-20.0 120.0 -22.0 129.0
94.0 93.0 99.0 97.0
68.0 102.0 63.0 106.0
33.0 -41.0 25.0 -47.0
48.0 -50.0 45.0 -55.0
-38.0 -90.0 -41.0 -94.0
15.0 -29.0 20.0 -29.0
-11.0 -51.0 -18.0 -51.0
6.0 -84.0 1.0 -80.0
-125.0 -76.0 -119.0 -76.0
-59.0 62.0 -52.0 61.0
-55.0 83.0 -49.0 88.0
-116.0 92.0 -108.0 95.0
-2.0 -80.0 1.0 -85.0
-85.0 -46.0 -80.0 -38.0
-37.0 -74.0 -39.0 -69.0
-75.0 27.0 -70.0 29.0
94.0 22.0 93.0 28.0
101.0 -9.0 96.0 -10.0
115.0 14.0 120.0 11.0
-40.0 25.0 -38.0 17.0
40.0 -5.0 36.0 0.0
-107.0 -75.0 -98.0 -73.0
-81.0 19.0 -73.0 15.0
-95.0 -41.0 -93.0 -36.0
31.0 78.0 36.0 74.0
-99.0 -58.0 -93.0 -56.0
90.0 -116.0 94.0 -118.0
65.0 113.0 72.0 112.0
98.0 -79.0 96.0 -72.0
-7.0 -32.0 -11.0 -34.0
2.0 -86.0 -4.0 -85.0
104.0 5.0 107.0 -2.0
-41.0 116.0 -36.0 118.0
121.0 -59.0 113.0 -60.0
-54.0 -82.0 -60.0 -75.0
53.0 64.0 60.0 71.0
-26.0 88.0 -30.0 84.0
-74.0 -16.0 -81.0 -19.0
112.0 74.0 116.0 83.0
-45.0 74.0 -41.0 79.0
108.0 -26.0 102.0 -22.0
112.0 -31.0 116.0 -28.0
7.0 -75.0 10.0 -71.0
-125.0 -119.0 -119.0 -123.0
119.0 -106.0 125.0 -110.0
102.0 32.0 105.0 27.0
-105.0 -47.0 -97.0 -44.0
-39.0 55.0 -41.0 62.0
-119.0 85.0 -118.0 77.0
48.0 -53.0 54.0 -46.0
98.0 78.0 102.0 73.0
-83.0 -8.0 -90.0 -4.0
-95.0 44.0 -88.0 40.0
45.0 -107.0 42.0 -113.0
-81.0 -85.0 -77.0 -88.0
-72.0 -45.0 -76.0 -43.0
95.0 -100.0 103.0 -97.0
-80.0 39.0 -85.0 37.0
61.0 -3.0 53.0 -9.0
58.0 48.0 57.0 41.0
-29.0 -52.0 -36.0 -51.0
-93.0 -115.0 -92.0 -124.0
-111.0 40.0 -114.0 48.0
-17.0 -31.0 -21.0 -36.0
-14.0 87.0 -13.0 82.0
29.0 -99.0 34.0 -103.0
91.0 -120.0 87.0 -123.0
87.0 51.0 90.0 55.0
124.0 -119.0 132.0 -118.0
44.0 -67.0 40.0 -73.0
80.0 28.0 77.0 23.0
-15.0 -79.0 -17.0 -73.0
6.0 -42.0 -1.0 -46.0
-68.0 27.0 -72.0 35.0
-7.0 -36.0 0.0 -41.0
-35.0 -83.0 -29.0 -88.0
-13.0 51.0 -8.0 47.0
44.0 42.0 45.0 50.0
22.0 24.0 14.0 20.0
-97.0 5.0 -95.0 -1.0
-16.0 87.0 -15.0 94.0
101.0 39.0 98.0 32.0
108.0 115.0 107.0 108.0
23.0 128.0 15.0 130.0
73.0 92.0 80.0 92.0
34.0 -26.0 38.0 -22.0
108.0 -49.0 105.0 -53.0
27.0 95.0 26.0 88.0
43.0 -106.0 46.0 -98.0
76.0 -96.0 84.0 -102.0
34.0 24.0 28.0 17.0
-16.0 -81.0 -23.0 -79.0
129.0 -122.0 122.0 -122.0
-66.0 12.0 -62.0 6.0
-126.0 -100.0 -122.0 -105.0
20.0 -15.0 26.0 -15.0
82.0 -64.0 75.0 -68.0
52.0 -117.0 48.0 -125.0
69.0 -63.0 75.0 -63.0
-65.0 -103.0 -69.0 -107.0
125.0 45.0 119.0 40.0
-123.0 -27.0 -118.0 -26.0
-32.0 -106.0 -38.0 -100.0
-12.0 128.0 -5.0 130.0
128.0 71.0 131.0 76.0
7.0 -58.0 8.0 -63.0
70.0 -54.0 74.0 -62.0
-65.0 -129.0 -69.0 -125.0
-109.0 -24.0 -117.0 -27.0
-88.0 36.0 -95.0 43.0
-107.0 -39.0 -109.0 -47.0
-68.0 -86.0 -69.0 -79.0
111.0 7.0 120.0 9.0
99.0 104.0 97.0 109.0
-66.0 -17.0 -64.0 -8.0
-59.0 71.0 -68.0 68.0
-23.0 -114.0 -32.0 -114.0
-125.0 -29.0 -130.0 -29.0
-90.0 -103.0 -84.0 -100.0
-42.0 -16.0 -47.0 -13.0
-54.0 7.0 -50.0 10.0
86.0 -40.0 92.0 -39.0
-52.0 94.0 -47.0 88.0
22.0 -126.0 17.0 -126.0
8.0 26.0 13.0 27.0
-35.0 -43.0 -38.0 -50.0
110.0 24.0 116.0 22.0
125.0 -8.0 133.0 -2.0
-79.0 -113.0 -86.0 -112.0
62.0 21.0 69.0 27.0
17.0 37.0 21.0 30.0
16.0 -66.0 15.0 -71.0
50.0 54.0 49.0 59.0
-117.0 -73.0 -121.0 -68.0
30.0 -116.0 27.0 -110.0
60.0 -26.0 55.0 -19.0
97.0 65.0 101.0 73.0
35.0 73.0 42.0 72.0
-13.0 -99.0 -20.0 -105.0
-116.0 -132.0 -110.0 -125.0
-36.0 0.0 -41.0 7.0
-114.0 73.0 -108.0 71.0
51.0 -62.0 57.0 -62.0
-100.0 83.0 -97.0 89.0
-23.0 -125.0 -32.0 -120.0
106.0 -1.0 101.0 6.0
-98.0 44.0 -102.0 52.0
-106.0 -5.0 -107.0 -15.0
-103.0 -60.0 -104.0 -67.0
-8.0 -121.0 -5.0 -112.0
-25.0 99.0 -31.0 94.0
-18.0 -42.0 -25.0 -44.0
130.0 -40.0 122.0 -40.0
71.0 -19.0 67.0 -25.0
12.0 -73.0 13.0 -83.0
49.0 -31.0 47.0 -36.0
129.0 -61.0 124.0 -65.0
117.0 69.0 120.0 64.0
121.0 1.0 131.0 1.0
59.0 91.0 52.0 95.0
109.0 98.0 117.0 93.0
22.0 66.0 19.0 73.0
-72.0 31.0 -74.0 39.0
79.0 -14.0 83.0 -19.0
123.0 29.0 129.0 34.0
24.0 -70.0 23.0 -76.0
34.0 69.0 38.0 66.0
63.0 1.0 69.0 -7.0
17.0 77.0 16.0 86.0
78.0 -56.0 85.0 -61.0
-9.0 1.0 -6.0 -6.0
-113.0 14.0 -114.0 6.0
-87.0 3.0 -94.0 4.0
76.0 -77.0 72.0 -71.0
57.0 124.0 49.0 122.0
-48.0 127.0 -41.0 133.0
18.0 -5.0 27.0 -9.0
70.0 84.0 77.0 80.0
-35.0 1.0 -39.0 7.0
-76.0 42.0 -85.0 43.0
-30.0 6.0 -31.0 11.0
-54.0 9.0 -59.0 17.0
-116.0 9.0 -122.0 16.0
-67.0 42.0 -64.0 49.0
-37.0 46.0 -39.0 41.0
-75.0 0.0 -80.0 -2.0
5.0 106.0 -2.0 106.0
-37.0 -86.0 -40.0 -92.0
-31.0 132.0 -27.0 125.0
120.0 -82.0 125.0 -78.0
-32.0 99.0 -27.0 105.0
94.0 -109.0 88.0 -111.0
-117.0 -9.0 -112.0 -5.0
69.0 -15.0 74.0 -9.0
-30.0 43.0 -37.0 41.0
-124.0 -48.0 -126.0 -53.0
-116.0 65.0 -123.0 66.0
33.0 -96.0 39.0 -90.0
-36.0 76.0 -31.0 78.0
-3.0 -116.0 -2.0 -123.0
-44.0 -45.0 -40.0 -43.0
133.0 -77.0 126.0 -77.0
-86.0 -86.0 -89.0 -91.0
-68.0 3.0 -61.0 3.0
-43.0 102.0 -41.0 96.0
130.0 39.0 123.0 39.0
-39.0 25.0 -48.0 26.0
-43.0 59.0 -48.0 54.0
-83.0 102.0 -84.0 94.0
-17.0 113.0 -12.0 110.0
-113.0 22.0 -118.0 30.0
-102.0 16.0 -101.0 21.0
23.0 100.0 28.0 99.0
-15.0 14.0 -10.0 18.0
18.0 59.0 14.0 61.0
-88.0 21.0 -97.0 18.0
-125.0 -95.0 -131.0 -95.0
129.0 0.0 124.0 -3.0
64.0 -103.0 61.0 -107.0
115.0 -105.0 112.0 -113.0
94.0 -110.0 87.0 -115.0
-70.0 -18.0 -71.0 -12.0
44.0 85.0 48.0 89.0
-18.0 6.0 -8.0 8.0
-47.0 -75.0 -50.0 -68.0
-24.0 -29.0 -21.0 -34.0
-92.0 -12.0 -95.0 -3.0
-119.0 -70.0 -112.0 -69.0
62.0 -119.0 55.0 -123.0
56.0 -45.0 61.0 -42.0
38.0 -106.0 44.0 -103.0
93.0 92.0 94.0 87.0
86.0 -21.0 93.0 -19.0
85.0 36.0 92.0 31.0
-94.0 27.0 -89.0 22.0
-96.0 101.0 -89.0 105.0
-81.0 -69.0 -74.0 -70.0
120.0 131.0 125.0 123.0
110.0 -46.0 104.0 -45.0
9.0 36.0 16.0 37.0
-130.0 -9.0 -125.0 -2.0
-18.0 -78.0 -19.0 -73.0
66.0 89.0 61.0 82.0
23.0 -58.0 32.0 -56.0
122.0 127.0 116.0 119.0
1.0 13.0 4.0 21.0
-111.0 77.0 -116.0 83.0
18.0 56.0 19.0 48.0
103.0 102.0 109.0 107.0
105.0 62.0 100.0 62.0
63.0 13.0 57.0 16.0
-55.0 124.0 -50.0 124.0
22.0 52.0 17.0 59.0
33.0 7.0 28.0 -0.0
8.0 6.0 9.0 -3.0
-21.0 -116.0 -27.0 -122.0
-70.0 72.0 -65.0 71.0
-121.0 83.0 -122.0 75.0
-55.0 -49.0 -50.0 -45.0
118.0 42.0 115.0 50.0
49.0 67.0 57.0 71.0
-48.0 50.0 -52.0 54.0
22.0 48.0 15.0 46.0
47.0 112.0 43.0 104.0
-12.0 -37.0 -13.0 -30.0
76.0 -86.0 81.0 -82.0
28.0 -96.0 23.0 -100.0
58.0 -122.0 63.0 -121.0
99.0 -109.0 107.0 -112.0
-110.0 -32.0 -115.0 -30.0
29.0 116.0 25.0 120.0
7.0 -15.0 13.0 -20.0
-2.0 103.0 8.0 101.0
45.0 -2.0 54.0 -3.0
-61.0 -45.0 -62.0 -50.0
109.0 59.0 113.0 55.0
109.0 -130.0 103.0 -128.0
-48.0 -30.0 -46.0 -25.0
-97.0 10.0 -103.0 3.0
95.0 -106.0 85.0 -105.0
90.0 54.0 99.0 55.0
-80.0 -84.0 -75.0 -87.0
-128.0 21.0 -127.0 14.0
42.0 -83.0 37.0 -91.0
86.0 -125.0 83.0 -130.0
-62.0 23.0 -57.0 19.0
54.0 -99.0 60.0 -96.0
20.0 55.0 18.0 60.0
-17.0 -86.0 -13.0 -82.0
-70.0 91.0 -62.0 88.0
-104.0 102.0 -97.0 107.0
-57.0 -86.0 -50.0 -85.0
21.0 -124.0 17.0 -119.0
-76.0 37.0 -72.0 30.0
-115.0 -86.0 -116.0 -76.0
126.0 66.0 130.0 72.0
-91.0 43.0 -97.0 51.0
-43.0 -52.0 -47.0 -46.0
-61.0 120.0 -58.0 116.0
-25.0 -8.0 -20.0 -7.0
88.0 86.0 94.0 80.0
74.0 124.0 71.0 115.0
-53.0 84.0 -49.0 80.0
-62.0 -57.0 -56.0 -55.0
53.0 70.0 46.0 66.0
-78.0 -75.0 -74.0 -78.0
109.0 27.0 105.0 30.0
-86.0 -56.0 -88.0 -49.0
-56.0 50.0 -60.0 58.0
-26.0 -59.0 -31.0 -52.0
127.0 -118.0 132.0 -114.0
93.0 7.0 86.0 4.0
-56.0 -48.0 -61.0 -47.0
-21.0 -93.0 -19.0 -100.0
-103.0 97.0 -110.0 96.0
96.0 -82.0 91.0 -88.0
104.0 10.0 103.0 16.0
-45.0 131.0 -44.0 125.0
116.0 -45.0 121.0 -47.0
-79.0 30.0 -74.0 25.0
-68.0 -127.0 -74.0 -126.0
-87.0 98.0 -94.0 92.0
99.0 16.0 98.0 25.0
12.0 50.0 15.0 44.0
109.0 126.0 112.0 130.0
-12.0 -67.0 -8.0 -73.0
89.0 84.0 92.0 76.0
-24.0 -11.0 -19.0 -10.0
113.0 -80.0 120.0 -84.0
36.0 80.0 40.0 75.0
24.0 13.0 18.0 9.0
-58.0 28.0 -63.0 24.0
-37.0 -0.0 -30.0 -4.0
-120.0 -103.0 -116.0 -96.0
-10.0 -119.0 -11.0 -114.0
-44.0 45.0 -47.0 49.0
123.0 -66.0 122.0 -75.0
-72.0 92.0 -69.0 98.0
-56.0 -6.0 -46.0 -7.0
-61.0 -62.0 -64.0 -52.0
10.0 13.0 11.0 3.0
-111.0 -107.0 -102.0 -109.0
-90.0 -49.0 -85.0 -44.0
-18.0 -27.0 -15.0 -34.0
-35.0 33.0 -43.0 38.0
-105.0 60.0 -100.0 58.0
-15.0 -112.0 -12.0 -105.0
-43.0 -93.0 -40.0 -98.0
-52.0 103.0 -55.0 107.0
55.0 -12.0 62.0 -8.0
-62.0 -62.0 -68.0 -67.0
113.0 123.0 107.0 126.0
-124.0 51.0 -129.0 59.0
105.0 -35.0 101.0 -42.0
-116.0 -127.0 -120.0 -118.0
-8.0 -123.0 -3.0 -129.0
121.0 107.0 128.0 109.0
-101.0 -110.0 -96.0 -110.0
-17.0 2.0 -11.0 -3.0
-39.0 -68.0 -40.0 -62.0
122.0 55.0 121.0 46.0
60.0 -75.0 65.0 -67.0
102.0 -96.0 101.0 -90.0
111.0 -64.0 112.0 -57.0
-90.0 -76.0 -96.0 -70.0
83.0 -107.0 91.0 -107.0
18.0 1.0 12.0 -2.0
76.0 32.0 80.0 36.0
4.0 -42.0 -1.0 -39.0
58.0 -83.0 62.0 -91.0
-33.0 91.0 -36.0 83.0
103.0 -103.0 96.0 -106.0
44.0 117.0 48.0 114.0
90.0 113.0 92.0 119.0
-1.0 39.0 -0.0 46.0
-32.0 35.0 -35.0 27.0
7.0 -100.0 16.0 -103.0
39.0 77.0 40.0 86.0
15.0 -31.0 12.0 -39.0
-98.0 102.0 -91.0 105.0
-113.0 -41.0 -108.0 -40.0
-102.0 18.0 -107.0 14.0
-128.0 -36.0 -132.0 -31.0
-56.0 93.0 -51.0 96.0
-103.0 30.0 -112.0 28.0
89.0 92.0 82.0 95.0
-42.0 -125.0 -33.0 -126.0
-0.0 -58.0 -7.0 -55.0
75.0 67.0 76.0 60.0
47.0 -39.0 49.0 -32.0
88.0 4.0 83.0 1.0
100.0 -99.0 96.0 -105.0
130.0 82.0 123.0 80.0
-131.0 122.0 -126.0 128.0
118.0 -34.0 113.0 -37.0
23.0 -95.0 32.0 -96.0
-6.0 -3.0 -8.0 4.0
-31.0 -93.0 -35.0 -98.0
-65.0 -95.0 -71.0 -93.0
-116.0 72.0 -112.0 77.0
10.0 -82.0 9.0 -76.0
-25.0 -55.0 -23.0 -61.0
24.0 20.0 26.0 14.0
-88.0 79.0 -85.0 87.0
-92.0 -15.0 -91.0 -22.0
79.0 8.0 78.0 16.0
-68.0 50.0 -65.0 55.0
-79.0 -40.0 -72.0 -38.0
65.0 -126.0 59.0 -132.0
-125.0 48.0 -118.0 51.0
-106.0 122.0 -114.0 118.0
70.0 103.0 76.0 104.0
5.0 2.0 -2.0 -2.0
-120.0 38.0 -124.0 43.0
-122.0 89.0 -127.0 82.0
96.0 -5.0 94.0 1.0
-44.0 -59.0 -49.0 -62.0
-4.0 129.0 -14.0 126.0
-112.0 38.0 -116.0 32.0
-118.0 -122.0 -119.0 -116.0
101.0 51.0 102.0 45.0
19.0 -91.0 10.0 -93.0
47.0 -104.0 49.0 -112.0
-44.0 -127.0 -39.0 -127.0
-54.0 -93.0 -48.0 -90.0
-3.0 31.0 1.0 29.0
75.0 -58.0 78.0 -52.0
80.0 19.0 83.0 11.0
-13.0 17.0 -19.0 15.0
-61.0 -119.0 -55.0 -121.0
-33.0 61.0 -29.0 70.0
-77.0 -23.0 -73.0 -27.0
130.0 -70.0 124.0 -67.0
108.0 -15.0 114.0 -19.0
-14.0 -66.0 -22.0 -71.0
-38.0 -40.0 -33.0 -37.0
-41.0 -119.0 -32.0 -116.0
-123.0 78.0 -132.0 74.0
-107.0 -80.0 -102.0 -82.0
-115.0 111.0 -107.0 108.0
31.0 99.0 23.0 95.0
-89.0 74.0 -80.0 75.0
30.0 23.0 26.0 18.0
-1.0 -106.0 -6.0 -111.0
38.0 96.0 33.0 89.0
-56.0 35.0 -50.0 37.0
11.0 112.0 4.0 112.0
-5.0 120.0 -12.0 126.0
83.0 68.0 78.0 66.0
-83.0 -16.0 -85.0 -9.0
4.0 59.0 11.0 63.0
-49.0 103.0 -54.0 108.0
43.0 52.0 39.0 56.0
-24.0 -125.0 -16.0 -126.0
-76.0 -118.0 -80.0 -124.0
-71.0 -1.0 -62.0 2.0
-110.0 101.0 -102.0 106.0
78.0 96.0 77.0 103.0
-56.0 85.0 -52.0 89.0
-31.0 27.0 -33.0 32.0
-22.0 11.0 -25.0 7.0
59.0 -72.0 54.0 -75.0
5.0 10.0 14.0 16.0
-47.0 -114.0 -42.0 -115.0
-30.0 7.0 -27.0 2.0
-37.0 -89.0 -33.0 -93.0
1.0 49.0 6.0 55.0
102.0 121.0 110.0 118.0
90.0 -92.0 96.0 -96.0
-96.0 -41.0 -92.0 -46.0
0.0 76.0 -3.0 81.0
-99.0 0.0 -96.0 -7.0
116.0 -95.0 122.0 -99.0
-82.0 -4.0 -83.0 2.0
103.0 -110.0 100.0 -106.0
-52.0 -1.0 -56.0 6.0
111.0 54.0 106.0 62.0
57.0 -91.0 58.0 -85.0
-32.0 -79.0 -29.0 -87.0
-17.0 42.0 -8.0 41.0
76.0 93.0 68.0 95.0
-103.0 69.0 -107.0 63.0
-64.0 -90.0 -71.0 -92.0
74.0 -45.0 77.0 -51.0
64.0 53.0 61.0 49.0
-58.0 18.0 -52.0 13.0
61.0 -14.0 67.0 -12.0
41.0 90.0 37.0 85.0
82.0 -103.0 90.0 -104.0
-22.0 41.0 -28.0 38.0
-7.0 61.0 -12.0 68.0
-1.0 46.0 4.0 47.0
-113.0 -84.0 -110.0 -92.0
49.0 -93.0 43.0 -89.0
-46.0 -46.0 -45.0 -41.0
98.0 -88.0 99.0 -94.0
112.0 -110.0 113.0 -102.0
82.0 -84.0 88.0 -82.0
-17.0 55.0 -15.0 64.0
-38.0 -8.0 -39.0 -1.0
44.0 19.0 38.0 19.0
34.0 -43.0 42.0 -40.0
-55.0 -63.0 -51.0 -68.0
93.0 59.0 88.0 51.0
116.0 -63.0 120.0 -68.0
-115.0 2.0 -119.0 6.0
-9.0 46.0 -2.0 41.0
51.0 -78.0 57.0 -78.0
-128.0 63.0 -126.0 56.0
-120.0 85.0 -127.0 79.0
19.0 113.0 28.0 109.0
6.0 -14.0 15.0 -11.0
8.0 65.0 14.0 69.0
-66.0 -116.0 -61.0 -123.0
-117.0 85.0 -110.0 82.0
108.0 -124.0 112.0 -116.0
63.0 41.0 62.0 31.0
3.0 41.0 6.0 49.0
-12.0 -94.0 -16.0 -88.0
75.0 89.0 81.0 88.0
-116.0 -69.0 -115.0 -61.0
-107.0 18.0 -113.0 23.0
-8.0 -48.0 -12.0 -39.0
36.0 -28.0 41.0 -31.0
109.0 7.0 105.0 14.0
-65.0 -113.0 -71.0 -111.0
52.0 -7.0 47.0 -5.0
-22.0 -22.0 -16.0 -18.0
110.0 101.0 108.0 96.0
-45.0 59.0 -49.0 56.0
-55.0 103.0 -58.0 95.0
-128.0 28.0 -125.0 23.0
-95.0 -20.0 -99.0 -13.0
-28.0 -3.0 -32.0 -10.0
-88.0 -103.0 -93.0 -106.0
-76.0 -83.0 -71.0 -87.0
16.0 98.0 12.0 105.0
-127.0 -101.0 -133.0 -99.0
17.0 114.0 15.0 109.0
28.0 108.0 33.0 105.0
71.0 -45.0 80.0 -44.0
60.0 70.0 54.0 64.0
45.0 -114.0 47.0 -107.0
79.0 60.0 86.0 57.0
-98.0 60.0 -103.0 52.0
-57.0 73.0 -55.0 78.0
1.0 -47.0 3.0 -55.0
22.0 -124.0 27.0 -122.0
48.0 92.0 43.0 86.0
97.0 -62.0 93.0 -68.0
60.0 85.0 62.0 92.0
-114.0 -47.0 -121.0 -50.0
-4.0 -8.0 3.0 -8.0
-108.0 -91.0 -101.0 -92.0
-89.0 -94.0 -95.0 -92.0
-40.0 16.0 -32.0 16.0
129.0 71.0 125.0 78.0
-48.0 20.0 -45.0 24.0
-122.0 90.0 -117.0 83.0
-23.0 31.0 -28.0 23.0
-95.0 -3.0 -87.0 -8.0
63.0 -112.0 72.0 -111.0
52.0 110.0 46.0 109.0
-46.0 29.0 -41.0 35.0
46.0 127.0 42.0 122.0
-121.0 118.0 -113.0 121.0
60.0 125.0 66.0 126.0
51.0 8.0 57.0 9.0
2.0 -95.0 -2.0 -88.0
-99.0 114.0 -102.0 122.0
42.0 -3.0 46.0 -10.0
-55.0 -52.0 -54.0 -59.0
-16.0 -14.0 -23.0 -17.0
110.0 -83.0 119.0 -85.0
33.0 64.0 31.0 59.0
-84.0 59.0 -76.0 60.0
-74.0 -98.0 -68.0 -98.0
-109.0 64.0 -106.0 54.0
111.0 29.0 108.0 22.0
93.0 -133.0 94.0 -125.0
37.0 84.0 43.0 89.0
-18.0 56.0 -22.0 53.0
49.0 87.0 55.0 89.0
21.0 44.0 27.0 46.0
37.0 -59.0 34.0 -53.0
-12.0 106.0 -17.0 111.0
105.0 79.0 107.0 88.0
6.0 127.0 5.0 119.0
-118.0 107.0 -120.0 115.0
-107.0 125.0 -101.0 130.0
-113.0 -35.0 -110.0 -39.0
-35.0 -51.0 -34.0 -46.0
-89.0 -109.0 -94.0 -107.0
-62.0 81.0 -64.0 72.0
38.0 -15.0 41.0 -21.0
97.0 -33.0 89.0 -36.0
-89.0 -124.0 -80.0 -123.0
-30.0 -16.0 -26.0 -24.0
-25.0 -69.0 -31.0 -65.0
-14.0 -86.0 -10.0 -93.0
-58.0 66.0 -51.0 72.0
-11.0 20.0 -17.0 25.0
92.0 70.0 87.0 78.0
12.0 -22.0 6.0 -23.0
36.0 52.0 43.0 51.0
-127.0 65.0 -120.0 64.0
-117.0 -7.0 -121.0 -16.0
112.0 41.0 120.0 41.0
105.0 -93.0 104.0 -100.0
81.0 94.0 78.0 99.0
-86.0 96.0 -85.0 101.0
45.0 -76.0 50.0 -83.0
-44.0 60.0 -39.0 64.0
-36.0 88.0 -40.0 84.0
57.0 -55.0 53.0 -58.0
-84.0 2.0 -81.0 7.0
50.0 4.0 55.0 -4.0
-46.0 -22.0 -47.0 -17.0
-60.0 -8.0 -51.0 -10.0
15.0 -117.0 22.0 -120.0
-108.0 -115.0 -109.0 -122.0
-29.0 74.0 -25.0 69.0
15.0 -94.0 8.0 -94.0
70.0 -15.0 75.0 -18.0
119.0 32.0 124.0 31.0
60.0 -9.0 65.0 -4.0
64.0 23.0 59.0 29.0
29.0 26.0 37.0 30.0
111.0 -71.0 117.0 -67.0
-28.0 72.0 -34.0 65.0
-6.0 127.0 2.0 131.0
21.0 -102.0 28.0 -99.0
-107.0 87.0 -103.0 92.0
-119.0 -0.0 -125.0 0.0
-62.0 -65.0 -55.0 -69.0
-116.0 -121.0 -113.0 -125.0
-63.0 -16.0 -55.0 -17.0
74.0 97.0 68.0 96.0
22.0 -107.0 15.0 -105.0
119.0 31.0 116.0 38.0
-126.0 96.0 -122.0 100.0
61.0 89.0 55.0 87.0
67.0 84.0 71.0 89.0
105.0 -54.0 111.0 -56.0
-52.0 114.0 -60.0 113.0
110.0 -76.0 108.0 -71.0
-121.0 -20.0 -124.0 -15.0
-35.0 -39.0 -32.0 -45.0
52.0 31.0 53.0 23.0
-76.0 53.0 -81.0 50.0
-38.0 -35.0 -47.0 -35.0
33.0 -51.0 30.0 -56.0
75.0 7.0 70.0 4.0
-19.0 -51.0 -13.0 -49.0
69.0 74.0 73.0 68.0
76.0 -79.0 75.0 -84.0
-37.0 89.0 -42.0 84.0
-54.0 43.0 -55.0 37.0
36.0 -105.0 40.0 -97.0
89.0 130.0 91.0 123.0
-46.0 -43.0 -45.0 -37.0
120.0 47.0 116.0 51.0
-17.0 -42.0 -22.0 -45.0
-77.0 -91.0 -86.0 -92.0
-114.0 90.0 -119.0 88.0
-5.0 19.0 3.0 23.0
114.0 12.0 119.0 10.0
-108.0 36.0 -103.0 36.0
-11.0 -103.0 -2.0 -100.0
82.0 -0.0 78.0 -9.0
-38.0 112.0 -32.0 112.0
62.0 -55.0 60.0 -64.0
50.0 -48.0 46.0 -51.0
-100.0 -69.0 -102.0 -64.0
2.0 -109.0 -4.0 -107.0
58.0 -106.0 57.0 -101.0
-34.0 94.0 -40.0 95.0
3.0 -52.0 11.0 -53.0
60.0 63.0 51.0 61.0
81.0 -66.0 76.0 -70.0
81.0 -55.0 90.0 -53.0
-112.0 -126.0 -117.0 -128.0
-33.0 42.0 -37.0 35.0
131.0 -30.0 128.0 -22.0
31.0 -57.0 25.0 -64.0
113.0 -100.0 106.0 -103.0
129.0 -51.0 128.0 -58.0
32.0 -97.0 27.0 -98.0
-60.0 34.0 -56.0 28.0
33.0 -71.0 38.0 -74.0
-114.0 65.0 -115.0 73.0
12.0 9.0 22.0 17.0
-123.0 59.0 -117.0 55.0
-2.0 10.0 3.0 5.0
-55.0 -34.0 -61.0 -32.0
-124.0 54.0 -116.0 54.0
-80.0 66.0 -75.0 64.0
-83.0 -23.0 -88.0 -27.0
-97.0 -97.0 -90.0 -97.0
-65.0 -0.0 -58.0 -1.0
-110.0 -127.0 -101.0 -130.0
30.0 37.0 26.0 30.0
106.0 -81.0 108.0 -90.0
77.0 -76.0 83.0 -71.0
-96.0 -125.0 -98.0 -130.0
-26.0 -34.0 -30.0 -37.0
22.0 77.0 16.0 74.0
-123.0 126.0 -120.0 122.0
-104.0 -2.0 -99.0 -4.0
-113.0 106.0 -118.0 108.0
31.0 70.0 38.0 63.0
42.0 -30.0 40.0 -35.0
-99.0 -108.0 -97.0 -103.0
5.0 123.0 2.0 119.0
-12.0 84.0 -14.0 90.0
21.0 59.0 25.0 64.0
127.0 -56.0 120.0 -61.0
130.0 20.0 125.0 17.0
93.0 -98.0 102.0 -97.0
-8.0 101.0 -15.0 107.0
100.0 42.0 105.0 38.0
101.0 10.0 92.0 6.0
65.0 126.0 72.0 132.0
8.0 52.0 2.0 48.0
122.0 -78.0 126.0 -75.0
-98.0 6.0 -92.0 9.0
67.0 -44.0 60.0 -46.0
8.0 -47.0 9.0 -52.0
-90.0 87.0 -96.0 84.0
-11.0 84.0 -13.0 90.0
97.0 120.0 98.0 114.0
102.0 24.0 97.0 26.0
101.0 115.0 104.0 120.0
129.0 95.0 130.0 88.0
-77.0 -111.0 -72.0 -117.0
-68.0 6.0 -75.0 5.0
78.0 -6.0 75.0 -1.0
88.0 -68.0 87.0 -77.0
78.0 10.0 80.0 1.0
-89.0 -30.0 -85.0 -33.0
-24.0 -36.0 -26.0 -42.0
-104.0 40.0 -109.0 37.0
66.0 53.0 60.0 55.0
28.0 79.0 38.0 77.0
-5.0 -65.0 -2.0 -72.0
-7.0 -8.0 -1.0 -5.0
15.0 89.0 18.0 83.0
-106.0 -17.0 -104.0 -10.0
-68.0 21.0 -69.0 15.0
28.0 -66.0 24.0 -73.0
-100.0 128.0 -104.0 125.0
82.0 90.0 90.0 92.0
-35.0 -84.0 -43.0 -90.0
-73.0 -122.0 -67.0 -119.0
62.0 -101.0 66.0 -93.0
-89.0 104.0 -83.0 106.0
67.0 -81.0 74.0 -78.0
118.0 -25.0 114.0 -21.0
122.0 122.0 128.0 121.0
1.0 115.0 7.0 119.0
81.0 77.0 83.0 72.0
-117.0 16.0 -115.0 11.0
46.0 98.0 50.0 95.0
-81.0 17.0 -86.0 15.0
-92.0 -19.0 -97.0 -22.0
43.0 -31.0 50.0 -29.0
91.0 5.0 99.0 9.0
-5.0 64.0 -3.0 57.0
-109.0 -99.0 -102.0 -104.0
-108.0 124.0 -105.0 130.0
-18.0 -93.0 -19.0 -83.0
76.0 47.0 71.0 49.0
11.0 42.0 6.0 45.0
75.0 76.0 77.0 71.0
-26.0 -58.0 -30.0 -52.0
-0.0 -128.0 -6.0 -131.0
32.0 -61.0 30.0 -67.0
112.0 37.0 116.0 30.0
-22.0 -82.0 -27.0 -76.0
125.0 -101.0 118.0 -99.0
-77.0 -66.0 -86.0 -71.0
-124.0 -114.0 -119.0 -112.0
-50.0 -119.0 -51.0 -129.0
-73.0 -63.0 -68.0 -61.0
-41.0 -10.0 -43.0 -4.0
-46.0 123.0 -44.0 117.0
-26.0 42.0 -31.0 41.0
-107.0 -68.0 -105.0 -74.0
-59.0 -90.0 -64.0 -88.0
-97.0 16.0 -99.0 20.0
84.0 1.0 89.0 4.0
62.0 87.0 67.0 92.0
55.0 -116.0 54.0 -122.0
-52.0 -35.0 -57.0 -34.0
-66.0 -22.0 -63.0 -29.0
-108.0 -114.0 -109.0 -121.0
-2.0 -65.0 3.0 -73.0
70.0 -35.0 79.0 -38.0
-43.0 56.0 -46.0 52.0
127.0 -88.0 131.0 -92.0
-68.0 -94.0 -60.0 -96.0
78.0 -70.0 84.0 -66.0
-118.0 -51.0 -117.0 -59.0
-120.0 -6.0 -113.0 -5.0
-84.0 64.0 -79.0 70.0
-48.0 61.0 -54.0 68.0
-50.0 8.0 -42.0 14.0
19.0 116.0 21.0 125.0
109.0 -27.0 112.0 -34.0
73.0 11.0 68.0 14.0
102.0 17.0 108.0 16.0
-96.0 -45.0 -95.0 -54.0
72.0 -70.0 75.0 -64.0
53.0 104.0 46.0 107.0
95.0 -10.0 97.0 -20.0
-76.0 -120.0 -75.0 -127.0
-38.0 63.0 -39.0 54.0
114.0 -90.0 115.0 -96.0
100.0 -86.0 101.0 -94.0
53.0 -14.0 48.0 -17.0
-107.0 46.0 -110.0 52.0
57.0 125.0 65.0 127.0
118.0 -127.0 123.0 -124.0
60.0 8.0 56.0 2.0
-88.0 132.0 -83.0 125.0
-119.0 -94.0 -123.0 -103.0
-15.0 -117.0 -23.0 -121.0
63.0 -65.0 66.0 -60.0
-81.0 -81.0 -87.0 -76.0
36.0 110.0 38.0 118.0
23.0 92.0 16.0 94.0
-64.0 -29.0 -68.0 -37.0
-130.0 48.0 -121.0 45.0
-82.0 -83.0 -89.0 -82.0
-39.0 72.0 -37.0 64.0
33.0 -73.0 28.0 -72.0
79.0 2.0 73.0 4.0
-2.0 15.0 -8.0 14.0
-44.0 -130.0 -46.0 -123.0
13.0 73.0 7.0 79.0
27.0 -116.0 33.0 -121.0
-109.0 -17.0 -107.0 -24.0
51.0 30.0 45.0 33.0
73.0 -97.0 67.0 -95.0
8.0 125.0 14.0 127.0
-53.0 20.0 -61.0 24.0
73.0 103.0 68.0 101.0
-2.0 -60.0 3.0 -62.0
-75.0 15.0 -74.0 8.0
-93.0 97.0 -88.0 102.0
-11.0 7.0 -19.0 3.0
-128.0 17.0 -132.0 9.0
-59.0 -68.0 -68.0 -68.0
55.0 -96.0 48.0 -98.0
-53.0 -81.0 -46.0 -87.0
14.0 90.0 7.0 91.0
13.0 107.0 4.0 111.0
120.0 123.0 116.0 116.0
41.0 107.0 42.0 99.0
-115.0 79.0 -118.0 75.0
-9.0 -14.0 -12.0 -22.0
8.0 2.0 7.0 -4.0
118.0 88.0 116.0 93.0
93.0 -119.0 99.0 -124.0
14.0 -8.0 20.0 -9.0
-16.0 -59.0 -9.0 -61.0
-56.0 -22.0 -48.0 -21.0
91.0 108.0 88.0 100.0
-26.0 76.0 -24.0 70.0
-102.0 -76.0 -97.0 -75.0
68.0 -123.0 74.0 -124.0
93.0 83.0 99.0 86.0
64.0 -113.0 66.0 -121.0
-29.0 133.0 -27.0 126.0
-26.0 -40.0 -31.0 -46.0
-61.0 -4.0 -68.0 -2.0
-56.0 47.0 -63.0 48.0
-38.0 -97.0 -31.0 -101.0
-9.0 -30.0 -13.0 -28.0
109.0 15.0 116.0 18.0
112.0 -104.0 111.0 -112.0
7.0 -7.0 1.0 -13.0
-113.0 -93.0 -123.0 -91.0
107.0 -4.0 112.0 -4.0
-85.0 -18.0 -86.0 -8.0
-101.0 -12.0 -98.0 -21.0
-82.0 -3.0 -77.0 -7.0
-12.0 -29.0 -4.0 -33.0
-25.0 -127.0 -30.0 -129.0
-47.0 -90.0 -54.0 -96.0
126.0 -6.0 119.0 -6.0
31.0 -2.0 30.0 -11.0
-33.0 -108.0 -35.0 -116.0
-22.0 110.0 -26.0 104.0
67.0 74.0 70.0 81.0
71.0 -8.0 63.0 -11.0
79.0 111.0 84.0 109.0
90.0 30.0 85.0 24.0
-102.0 112.0 -111.0 112.0
-70.0 -36.0 -68.0 -45.0
54.0 51.0 44.0 54.0
97.0 19.0 95.0 26.0
3.0 -124.0 10.0 -119.0
-79.0 125.0 -85.0 128.0
-28.0 29.0 -33.0 23.0
35.0 -75.0 39.0 -80.0
-16.0 -70.0 -11.0 -69.0
95.0 67.0 89.0 68.0
-2.0 98.0 -12.0 98.0
-94.0 -106.0 -98.0 -99.0
17.0 62.0 24.0 64.0
44.0 43.0 39.0 39.0
94.0 31.0 88.0 34.0
-93.0 -98.0 -91.0 -104.0
-54.0 -127.0 -60.0 -125.0
123.0 112.0 132.0 111.0
-133.0 31.0 -125.0 25.0
38.0 29.0 36.0 34.0
104.0 -13.0 102.0 -21.0
-52.0 68.0 -43.0 64.0
-58.0 -84.0 -65.0 -88.0
-99.0 -111.0 -96.0 -119.0
-27.0 -92.0 -21.0 -96.0
-129.0 -56.0 -130.0 -50.0
-101.0 -46.0 -99.0 -52.0
-55.0 -98.0 -63.0 -99.0
-83.0 49.0 -76.0 46.0
124.0 59.0 130.0 60.0
-55.0 -122.0 -50.0 -118.0
-104.0 85.0 -102.0 78.0
3.0 -16.0 7.0 -20.0
99.0 130.0 108.0 129.0
-31.0 -100.0 -26.0 -94.0
-59.0 -91.0 -54.0 -95.0
71.0 121.0 66.0 117.0
-103.0 42.0 -108.0 38.0
-11.0 -82.0 -17.0 -81.0
-116.0 -18.0 -111.0 -15.0
66.0 20.0 64.0 14.0
134.0 25.0 125.0 29.0
77.0 111.0 85.0 112.0
34.0 51.0 31.0 54.0
114.0 -33.0 110.0 -39.0
-23.0 98.0 -22.0 92.0
-15.0 129.0 -21.0 125.0
51.0 -26.0 52.0 -35.0
-5.0 115.0 -3.0 120.0
-107.0 115.0 -109.0 119.0
-6.0 82.0 -10.0 88.0
-70.0 -128.0 -76.0 -128.0
6.0 33.0 13.0 32.0
77.0 54.0 76.0 64.0
-86.0 -12.0 -87.0 -20.0
13.0 20.0 15.0 26.0
118.0 64.0 123.0 56.0
57.0 -112.0 60.0 -117.0
-34.0 -64.0 -39.0 -67.0
64.0 -67.0 61.0 -71.0
1.0 -68.0 7.0 -65.0
-125.0 -30.0 -119.0 -31.0
38.0 -27.0 46.0 -24.0
-40.0 125.0 -33.0 127.0
40.0 15.0 39.0 10.0
-66.0 115.0 -73.0 114.0
-92.0 31.0 -86.0 26.0
-99.0 6.0 -97.0 -1.0
65.0 -22.0 60.0 -24.0
117.0 -61.0 112.0 -65.0
-44.0 -6.0 -47.0 -12.0
109.0 6.0 116.0 3.0
67.0 41.0 66.0 46.0
-70.0 -55.0 -76.0 -55.0
18.0 -67.0 23.0 -65.0
95.0 49.0 102.0 53.0
79.0 -48.0 84.0 -51.0
-117.0 104.0 -121.0 111.0
26.0 60.0 20.0 57.0
-76.0 -93.0 -69.0 -91.0
78.0 81.0 73.0 85.0
50.0 13.0 46.0 16.0
-66.0 77.0 -73.0 77.0
84.0 38.0 90.0 45.0
96.0 -70.0 97.0 -77.0
76.0 12.0 71.0 14.0
-101.0 101.0 -96.0 107.0
79.0 6.0 84.0 6.0
68.0 64.0 75.0 60.0
99.0 57.0 94.0 55.0
-127.0 -76.0 -120.0 -79.0
73.0 -2.0 77.0 -10.0
122.0 130.0 126.0 123.0
4.0 38.0 7.0 29.0
54.0 -96.0 52.0 -89.0
65.0 -81.0 71.0 -78.0
32.0 -42.0 39.0 -41.0
47.0 65.0 46.0 58.0
-110.0 -7.0 -115.0 -12.0
23.0 -77.0 17.0 -70.0
41.0 131.0 48.0 126.0
-48.0 71.0 -41.0 69.0
106.0 -74.0 97.0 -73.0
41.0 41.0 38.0 47.0
86.0 6.0 89.0 10.0
-60.0 -11.0 -65.0 -19.0
-72.0 108.0 -77.0 115.0
-27.0 -84.0 -33.0 -77.0
119.0 -83.0 122.0 -77.0
-112.0 120.0 -110.0 125.0
-4.0 -15.0 -10.0 -16.0
28.0 67.0 24.0 75.0
1.0 -99.0 8.0 -106.0
31.0 119.0 25.0 123.0
-49.0 -10.0 -52.0 -15.0
-18.0 -10.0 -24.0 -13.0
51.0 -99.0 57.0 -96.0
-42.0 34.0 -48.0 29.0
30.0 -44.0 32.0 -50.0
91.0 -8.0 89.0 -17.0
121.0 -20.0 119.0 -25.0
9.0 97.0 1.0 102.0
-76.0 -89.0 -77.0 -95.0
93.0 119.0 85.0 126.0
104.0 70.0 102.0 64.0
14.0 63.0 12.0 58.0
26.0 124.0 33.0 120.0
114.0 -108.0 119.0 -113.0
-97.0 -90.0 -96.0 -81.0
-127.0 11.0 -120.0 4.0
-97.0 17.0 -98.0 24.0
116.0 39.0 115.0 33.0
109.0 41.0 113.0 34.0
83.0 -121.0 89.0 -121.0
26.0 -29.0 19.0 -26.0
-96.0 124.0 -100.0 122.0
123.0 -25.0 128.0 -23.0
-2.0 -45.0 -5.0 -40.0
-94.0 12.0 -90.0 7.0
-62.0 -91.0 -67.0 -92.0
75.0 -127.0 80.0 -133.0
77.0 65.0 86.0 62.0
-64.0 64.0 -59.0 57.0
108.0 32.0 112.0 29.0
-39.0 102.0 -43.0 111.0
-72.0 20.0 -69.0 13.0
-119.0 40.0 -115.0 37.0
86.0 -23.0 91.0 -25.0
-101.0 -61.0 -105.0 -54.0
52.0 -28.0 55.0 -33.0
48.0 63.0 54.0 69.0
-94.0 49.0 -88.0 45.0
132.0 -50.0 125.0 -46.0
-10.0 -90.0 -7.0 -96.0
27.0 -54.0 22.0 -50.0
58.0 -48.0 63.0 -55.0
50.0 21.0 43.0 22.0
44.0 -7.0 52.0 -9.0
91.0 60.0 89.0 67.0
-53.0 -47.0 -57.0 -40.0
-36.0 33.0 -41.0 27.0
80.0 -63.0 73.0 -57.0
-115.0 41.0 -120.0 43.0
-126.0 97.0 -132.0 93.0
-65.0 85.0 -58.0 85.0
-96.0 61.0 -104.0 64.0
-78.0 122.0 -85.0 121.0
49.0 123.0 55.0 125.0
82.0 96.0 84.0 105.0
17.0 98.0 24.0 97.0
18.0 -129.0 15.0 -122.0
51.0 108.0 56.0 112.0
-81.0 96.0 -77.0 93.0
-44.0 115.0 -38.0 121.0
-85.0 36.0 -87.0 41.0
55.0 117.0 60.0 121.0
-84.0 -66.0 -93.0 -66.0
91.0 49.0 84.0 50.0
88.0 -49.0 84.0 -47.0
62.0 -52.0 69.0 -48.0
33.0 1.0 29.0 -3.0
-111.0 -42.0 -117.0 -45.0
-76.0 -25.0 -81.0 -25.0
52.0 -36.0 59.0 -36.0
-1.0 -72.0 -7.0 -73.0
-87.0 -79.0 -94.0 -78.0
-35.0 -44.0 -30.0 -50.0
-52.0 47.0 -50.0 41.0
-46.0 -118.0 -49.0 -110.0
111.0 -8.0 102.0 -4.0
-37.0 -7.0 -31.0 -6.0
-57.0 101.0 -58.0 106.0
2.0 -35.0 -8.0 -34.0
19.0 -106.0 10.0 -103.0
50.0 130.0 45.0 129.0
33.0 -27.0 36.0 -32.0
-38.0 -119.0 -33.0 -117.0
-30.0 -46.0 -26.0 -50.0
-29.0 67.0 -23.0 59.0
115.0 -37.0 114.0 -45.0
-22.0 -89.0 -19.0 -84.0
-55.0 -42.0 -58.0 -38.0
-39.0 -70.0 -41.0 -65.0
101.0 -65.0 98.0 -73.0
-106.0 -15.0 -105.0 -8.0
-18.0 -2.0 -22.0 3.0
88.0 90.0 95.0 96.0
117.0 -49.0 112.0 -43.0
60.0 -76.0 50.0 -75.0
25.0 -128.0 30.0 -123.0
128.0 100.0 125.0 91.0
42.0 -65.0 48.0 -61.0
-13.0 116.0 -22.0 116.0
-84.0 -4.0 -80.0 -12.0
132.0 -103.0 126.0 -98.0
58.0 24.0 55.0 16.0
48.0 79.0 47.0 71.0
-129.0 78.0 -125.0 83.0
69.0 37.0 68.0 31.0
3.0 13.0 6.0 21.0
-106.0 -68.0 -105.0 -63.0
-2.0 83.0 5.0 89.0
-69.0 -99.0 -79.0 -98.0
109.0 -54.0 100.0 -52.0
84.0 -100.0 86.0 -95.0
-90.0 75.0 -85.0 78.0
67.0 82.0 64.0 78.0
15.0 -82.0 23.0 -87.0
-36.0 53.0 -37.0 44.0
54.0 -100.0 52.0 -109.0
110.0 120.0 111.0 113.0
-130.0 -30.0 -127.0 -35.0
106.0 -13.0 99.0 -9.0
113.0 -56.0 104.0 -61.0
-127.0 125.0 -122.0 122.0
35.0 -71.0 32.0 -66.0
-116.0 21.0 -119.0 26.0
-110.0 -13.0 -108.0 -8.0
1.0 123.0 4.0 132.0
-121.0 -13.0 -129.0 -16.0
-5.0 -90.0 -7.0 -84.0
11.0 -100.0 19.0 -98.0
-97.0 84.0 -89.0 90.0
89.0 -100.0 99.0 -99.0
44.0 -11.0 51.0 -8.0
-63.0 112.0 -67.0 120.0
40.0 27.0 44.0 23.0
45.0 -109.0 51.0 -109.0
-60.0 -97.0 -57.0 -93.0
-60.0 -23.0 -56.0 -17.0
56.0 35.0 51.0 32.0
27.0 2.0 26.0 8.0
53.0 116.0 45.0 121.0
17.0 -47.0 12.0 -50.0
-27.0 122.0 -23.0 118.0
58.0 100.0 52.0 97.0
-126.0 127.0 -117.0 129.0
102.0 126.0 95.0 129.0
-19.0 103.0 -24.0 101.0
-64.0 62.0 -62.0 56.0
31.0 118.0 26.0 121.0
46.0 -126.0 38.0 -127.0
130.0 81.0 125.0 75.0
-73.0 62.0 -69.0 54.0
121.0 111.0 128.0 110.0
-75.0 -70.0 -70.0 -72.0
-87.0 101.0 -91.0 97.0
-66.0 -3.0 -73.0 -6.0
-65.0 -28.0 -70.0 -34.0
29.0 -68.0 25.0 -77.0
104.0 126.0 110.0 129.0
-4.0 -5.0 -7.0 3.0
23.0 3.0 26.0 9.0
17.0 -84.0 11.0 -83.0
-102.0 -127.0 -99.0 -132.0
-96.0 -36.0 -94.0 -28.0
14.0 -67.0 13.0 -72.0
-82.0 9.0 -76.0 12.0
-33.0 -15.0 -42.0 -14.0
-102.0 80.0 -105.0 88.0
-19.0 18.0 -22.0 13.0
127.0 69.0 121.0 74.0
-64.0 -84.0 -66.0 -78.0
-96.0 -63.0 -90.0 -61.0
-27.0 72.0 -30.0 79.0
97.0 78.0 90.0 75.0
94.0 -116.0 101.0 -121.0
111.0 97.0 110.0 106.0
-35.0 -109.0 -38.0 -116.0
6.0 39.0 -0.0 37.0
32.0 -64.0 37.0 -70.0
-68.0 18.0 -63.0 22.0
-88.0 -48.0 -86.0 -54.0
107.0 85.0 111.0 77.0
-109.0 -49.0 -112.0 -55.0
-111.0 106.0 -116.0 110.0
-84.0 20.0 -93.0 17.0
35.0 -108.0 27.0 -103.0
120.0 -88.0 112.0 -88.0
-29.0 41.0 -31.0 34.0
41.0 -6.0 42.0 -12.0
-33.0 23.0 -29.0 29.0
-99.0 -6.0 -94.0 -9.0
-34.0 14.0 -33.0 8.0
-12.0 119.0 -6.0 120.0
-38.0 -99.0 -42.0 -108.0
113.0 52.0 119.0 53.0
61.0 114.0 54.0 117.0
-45.0 116.0 -52.0 117.0
22.0 84.0 30.0 82.0
-107.0 99.0 -114.0 94.0
-61.0 -41.0 -63.0 -48.0
-34.0 -119.0 -33.0 -125.0
27.0 -89.0 18.0 -88.0
76.0 -107.0 72.0 -113.0
122.0 -69.0 119.0 -76.0
-12.0 -24.0 -14.0 -30.0
4.0 -45.0 8.0 -49.0
59.0 5.0 68.0 8.0
-55.0 7.0 -49.0 2.0
59.0 76.0 58.0 83.0
-25.0 11.0 -22.0 20.0
58.0 -35.0 66.0 -33.0
-54.0 -110.0 -55.0 -102.0
10.0 -49.0 13.0 -44.0
-112.0 15.0 -113.0 8.0
30.0 103.0 40.0 103.0
-21.0 -110.0 -23.0 -100.0
47.0 -47.0 42.0 -47.0
0.0 40.0 7.0 39.0
91.0 -43.0 100.0 -40.0
-33.0 -98.0 -29.0 -95.0
112.0 -42.0 105.0 -42.0
-16.0 -54.0 -22.0 -59.0
38.0 28.0 32.0 24.0
4.0 62.0 3.0 52.0
-124.0 -123.0 -132.0 -128.0
-18.0 121.0 -20.0 115.0
30.0 84.0 33.0 91.0
-89.0 -120.0 -80.0 -117.0
87.0 90.0 81.0 89.0
100.0 -19.0 98.0 -12.0
30.0 -12.0 27.0 -17.0
57.0 90.0 50.0 85.0
-54.0 53.0 -51.0 47.0
-11.0 56.0 -18.0 50.0
44.0 -57.0 36.0 -51.0
41.0 3.0 40.0 10.0
78.0 131.0 80.0 123.0
-127.0 -72.0 -119.0 -74.0
-94.0 -48.0 -88.0 -52.0
-11.0 67.0 -8.0 63.0
37.0 73.0 45.0 73.0
119.0 -103.0 116.0 -96.0
-29.0 50.0 -34.0 48.0
46.0 -21.0 51.0 -23.0
102.0 38.0 104.0 33.0
-81.0 -86.0 -90.0 -85.0
-12.0 -41.0 -20.0 -35.0
37.0 -114.0 44.0 -120.0
14.0 -52.0 17.0 -58.0
-123.0 8.0 -122.0 13.0
-60.0 -98.0 -67.0 -98.0
8.0 35.0 14.0 34.0
54.0 -112.0 60.0 -110.0
-60.0 13.0 -61.0 21.0
-59.0 -39.0 -66.0 -36.0
-115.0 -1.0 -121.0 3.0
-4.0 -55.0 -2.0 -47.0
38.0 -46.0 32.0 -44.0
90.0 -25.0 95.0 -33.0
-9.0 -93.0 -7.0 -101.0
95.0 42.0 92.0 38.0
-87.0 111.0 -92.0 105.0
-51.0 -95.0 -44.0 -94.0
-12.0 80.0 -17.0 86.0
-11.0 22.0 -17.0 28.0
-113.0 -44.0 -111.0 -52.0
89.0 -49.0 83.0 -45.0
20.0 -23.0 25.0 -22.0
-95.0 -14.0 -88.0 -12.0
-42.0 -53.0 -38.0 -44.0
-43.0 103.0 -52.0 101.0
123.0 119.0 116.0 114.0
127.0 -89.0 126.0 -97.0
-34.0 -86.0 -29.0 -89.0
-16.0 -10.0 -6.0 -9.0
-124.0 -45.0 -121.0 -52.0
62.0 -19.0 67.0 -19.0
-40.0 -80.0 -46.0 -82.0
-85.0 -58.0 -94.0 -57.0
-105.0 5.0 -99.0 8.0
-102.0 -36.0 -107.0 -33.0
74.0 128.0 78.0 130.0
-56.0 48.0 -52.0 39.0
-27.0 -96.0 -33.0 -104.0
81.0 91.0 77.0 97.0
-60.0 -27.0 -51.0 -28.0
127.0 -74.0 123.0 -70.0
-31.0 -39.0 -30.0 -31.0
-18.0 -9.0 -11.0 -5.0
-19.0 -130.0 -24.0 -130.0
33.0 21.0 37.0 25.0
124.0 44.0 130.0 45.0
-57.0 123.0 -64.0 127.0
42.0 64.0 47.0 69.0
-119.0 -90.0 -127.0 -91.0
-72.0 -76.0 -68.0 -69.0
-61.0 97.0 -68.0 96.0
-125.0 1.0 -131.0 2.0
34.0 -54.0 42.0 -56.0
49.0 -66.0 42.0 -67.0
93.0 -76.0 92.0 -71.0
-6.0 113.0 -1.0 109.0
39.0 -2.0 32.0 4.0
-122.0 -20.0 -129.0 -25.0
25.0 41.0 31.0 40.0
65.0 115.0 61.0 110.0
59.0 -11.0 68.0 -12.0
37.0 117.0 30.0 114.0
-109.0 15.0 -113.0 18.0
86.0 -113.0 94.0 -116.0
-63.0 107.0 -66.0 101.0
-83.0 33.0 -91.0 33.0
-68.0 -76.0 -63.0 -73.0
67.0 103.0 73.0 106.0
68.0 -88.0 64.0 -92.0
25.0 77.0 20.0 79.0
-82.0 -110.0 -88.0 -110.0
86.0 80.0 88.0 71.0
90.0 -115.0 81.0 -118.0
-82.0 -118.0 -76.0 -117.0
-2.0 -17.0 -1.0 -10.0
18.0 21.0 13.0 17.0
84.0 -36.0 89.0 -30.0
67.0 -103.0 72.0 -106.0
-52.0 41.0 -55.0 47.0
106.0 -48.0 99.0 -49.0
85.0 14.0 82.0 22.0
38.0 -123.0 32.0 -125.0
-87.0 -31.0 -81.0 -29.0
-32.0 94.0 -39.0 91.0
-45.0 18.0 -46.0 13.0
89.0 98.0 95.0 105.0
76.0 28.0 71.0 20.0
-104.0 -30.0 -114.0 -27.0
-18.0 25.0 -13.0 20.0
-52.0 -11.0 -58.0 -10.0
52.0 11.0 45.0 9.0
-47.0 -38.0 -51.0 -30.0
52.0 104.0 45.0 106.0
-59.0 29.0 -67.0 24.0
-71.0 -53.0 -79.0 -56.0
41.0 -67.0 50.0 -65.0
124.0 117.0 129.0 120.0
1.0 -26.0 -0.0 -33.0
-108.0 -6.0 -107.0 3.0
29.0 -8.0 24.0 -7.0
-37.0 -51.0 -44.0 -54.0
57.0 87.0 52.0 84.0
-115.0 -8.0 -119.0 -14.0
-42.0 44.0 -45.0 49.0
25.0 42.0 32.0 45.0
20.0 -62.0 28.0 -58.0
-90.0 -91.0 -95.0 -85.0
-92.0 56.0 -91.0 51.0
-100.0 -25.0 -106.0 -20.0
-33.0 -127.0 -39.0 -128.0
-109.0 0.0 -110.0 6.0
-70.0 78.0 -63.0 79.0
-117.0 -39.0 -122.0 -42.0
-118.0 29.0 -126.0 27.0
87.0 -17.0 90.0 -9.0
-85.0 -101.0 -81.0 -105.0
117.0 62.0 115.0 56.0
-32.0 -1.0 -36.0 4.0
-49.0 120.0 -59.0 120.0
-118.0 -20.0 -110.0 -21.0
-86.0 20.0 -94.0 18.0
-75.0 77.0 -69.0 81.0
-48.0 -14.0 -44.0 -7.0
116.0 95.0 111.0 98.0
46.0 -97.0 40.0 -93.0
-55.0 77.0 -56.0 71.0
-32.0 63.0 -28.0 71.0
45.0 -4.0 47.0 -9.0
44.0 59.0 45.0 65.0
26.0 42.0 16.0 41.0
-23.0 -15.0 -29.0 -8.0
-109.0 -119.0 -111.0 -114.0
-32.0 -16.0 -40.0 -22.0
98.0 54.0 93.0 52.0
-94.0 -2.0 -90.0 -6.0
-118.0 -79.0 -115.0 -73.0
-53.0 128.0 -57.0 124.0
-54.0 -48.0 -59.0 -46.0
-86.0 120.0 -91.0 112.0
61.0 109.0 54.0 108.0
1.0 -63.0 -6.0 -57.0
108.0 -94.0 112.0 -98.0
-112.0 -127.0 -111.0 -121.0
-106.0 -124.0 -99.0 -129.0
-111.0 56.0 -103.0 56.0
-10.0 -108.0 -6.0 -111.0
-67.0 125.0 -69.0 116.0
56.0 10.0 63.0 12.0
125.0 -109.0 127.0 -114.0
66.0 -43.0 74.0 -49.0
49.0 43.0 54.0 44.0
41.0 32.0 45.0 36.0
-116.0 69.0 -122.0 68.0
0.0 -114.0 9.0 -114.0
51.0 54.0 55.0 57.0
129.0 97.0 131.0 88.0
-57.0 89.0 -52.0 90.0
39.0 -60.0 41.0 -66.0
-92.0 83.0 -88.0 86.0
-109.0 10.0 -108.0 16.0
42.0 -121.0 38.0 -115.0
-84.0 -78.0 -79.0 -79.0
75.0 117.0 80.0 119.0
34.0 90.0 41.0 94.0
-11.0 12.0 -17.0 11.0
-115.0 89.0 -109.0 93.0
75.0 105.0 72.0 113.0
-69.0 -11.0 -68.0 -5.0
74.0 -108.0 66.0 -111.0
29.0 -80.0 24.0 -88.0
22.0 -32.0 28.0 -40.0
40.0 -38.0 36.0 -33.0
110.0 41.0 114.0 35.0
108.0 76.0 100.0 77.0
99.0 -112.0 105.0 -119.0
34.0 -126.0 41.0 -132.0
-54.0 -14.0 -60.0 -15.0
67.0 -92.0 73.0 -96.0
-120.0 -109.0 -126.0 -114.0
109.0 -9.0 115.0 -8.0
69.0 -85.0 78.0 -84.0
18.0 90.0 23.0 87.0
83.0 27.0 84.0 35.0
-25.0 132.0 -27.0 127.0
-78.0 36.0 -81.0 32.0
-119.0 107.0 -122.0 101.0
-85.0 98.0 -86.0 92.0
-42.0 110.0 -39.0 103.0
-65.0 -54.0 -73.0 -52.0
31.0 105.0 23.0 103.0
46.0 80.0 53.0 84.0
112.0 46.0 106.0 52.0
-27.0 -71.0 -29.0 -79.0
48.0 -127.0 41.0 -129.0
-72.0 -4.0 -77.0 3.0
-84.0 -40.0 -85.0 -31.0
-53.0 -53.0 -52.0 -60.0
-20.0 7.0 -26.0 -1.0
13.0 101.0 11.0 96.0
54.0 93.0 48.0 97.0
-126.0 -77.0 -122.0 -84.0
133.0 35.0 126.0 38.0
-26.0 -83.0 -19.0 -82.0
-43.0 -113.0 -41.0 -106.0
57.0 30.0 65.0 28.0
-91.0 -46.0 -85.0 -38.0
-29.0 -101.0 -31.0 -106.0
38.0 67.0 39.0 58.0
-38.0 -36.0 -36.0 -29.0
-25.0 18.0 -27.0 13.0
-30.0 -119.0 -33.0 -113.0
125.0 -88.0 117.0 -87.0
-41.0 58.0 -42.0 51.0
130.0 47.0 123.0 50.0
111.0 -113.0 106.0 -114.0
-105.0 -122.0 -102.0 -117.0
-70.0 -41.0 -69.0 -45.0
71.0 25.0 78.0 31.0
-4.0 29.0 -0.0 25.0
127.0 27.0 119.0 24.0
106.0 -120.0 100.0 -119.0
-74.0 78.0 -72.0 84.0
-60.0 112.0 -68.0 109.0
70.0 2.0 66.0 7.0
-45.0 79.0 -38.0 84.0
68.0 10.0 76.0 7.0
-52.0 -99.0 -44.0 -104.0
24.0 -24.0 18.0 -23.0
-14.0 119.0 -8.0 114.0
-52.0 43.0 -54.0 49.0
-123.0 -93.0 -115.0 -93.0
-104.0 -61.0 -113.0 -62.0
-111.0 -16.0 -110.0 -9.0
-19.0 -9.0 -22.0 -2.0
-4.0 22.0 -5.0 31.0
-134.0 -95.0 -126.0 -97.0
-77.0 36.0 -74.0 43.0
-97.0 26.0 -106.0 21.0
-119.0 -24.0 -114.0 -22.0
-37.0 66.0 -36.0 74.0
42.0 -45.0 52.0 -45.0
96.0 129.0 105.0 128.0
104.0 84.0 98.0 80.0
-32.0 43.0 -26.0 45.0
-33.0 11.0 -27.0 16.0
107.0 71.0 103.0 76.0
20.0 -48.0 18.0 -53.0
118.0 -27.0 114.0 -34.0
-88.0 55.0 -81.0 57.0
-84.0 24.0 -90.0 28.0
-108.0 -24.0 -103.0 -25.0
-97.0 90.0 -89.0 95.0
2.0 -123.0 5.0 -129.0
127.0 40.0 121.0 39.0
126.0 91.0 129.0 87.0
-50.0 29.0 -44.0 35.0
-76.0 -62.0 -70.0 -57.0
-70.0 86.0 -68.0 79.0
21.0 -37.0 27.0 -40.0
61.0 -66.0 65.0 -60.0
-43.0 -44.0 -39.0 -41.0
54.0 -7.0 57.0 1.0
-49.0 85.0 -44.0 87.0
78.0 112.0 72.0 115.0
4.0 -54.0 9.0 -60.0
-69.0 99.0 -74.0 96.0
9.0 117.0 11.0 124.0
-45.0 1.0 -40.0 -5.0
99.0 -26.0 97.0 -31.0
-84.0 -88.0 -77.0 -90.0
-1.0 -60.0 5.0 -61.0
112.0 -66.0 117.0 -65.0
123.0 102.0 116.0 106.0
-101.0 -24.0 -92.0 -28.0
90.0 -32.0 96.0 -39.0
-61.0 66.0 -54.0 71.0
20.0 1.0 25.0 -1.0
-82.0 -44.0 -80.0 -39.0
119.0 -16.0 115.0 -12.0
14.0 -111.0 6.0 -108.0
-72.0 26.0 -66.0 22.0
118.0 -118.0 115.0 -124.0
74.0 50.0 67.0 54.0
113.0 90.0 111.0 84.0
72.0 3.0 75.0 -5.0
45.0 -77.0 39.0 -77.0
121.0 -54.0 115.0 -55.0
50.0 47.0 46.0 53.0
70.0 -3.0 62.0 2.0
36.0 -132.0 30.0 -127.0
-69.0 94.0 -61.0 94.0
-51.0 86.0 -43.0 89.0
121.0 -7.0 115.0 -5.0
86.0 47.0 84.0 40.0
-87.0 -77.0 -83.0 -81.0
-80.0 -4.0 -76.0 -6.0
132.0 85.0 126.0 92.0
-81.0 -50.0 -74.0 -46.0
37.0 3.0 40.0 12.0
53.0 -55.0 48.0 -57.0
2.0 -101.0 -2.0 -96.0
-112.0 40.0 -108.0 33.0
-73.0 -20.0 -70.0 -25.0
100.0 -84.0 99.0 -93.0
63.0 -41.0 72.0 -42.0
33.0 -124.0 40.0 -122.0
-61.0 -75.0 -64.0 -83.0
-7.0 43.0 -4.0 34.0
-15.0 -80.0 -14.0 -71.0
-126.0 79.0 -130.0 75.0
72.0 -120.0 69.0 -116.0
121.0 -131.0 114.0 -125.0
-32.0 -56.0 -38.0 -52.0
96.0 50.0 100.0 56.0
-71.0 -46.0 -76.0 -50.0
76.0 78.0 71.0 81.0
77.0 -111.0 84.0 -116.0
63.0 -115.0 56.0 -122.0
7.0 85.0 5.0 91.0
55.0 102.0 60.0 108.0
117.0 39.0 124.0 35.0
96.0 131.0 90.0 128.0
16.0 115.0 12.0 121.0
95.0 -61.0 89.0 -55.0
-122.0 48.0 -113.0 51.0
93.0 110.0 88.0 113.0
-7.0 -122.0 -5.0 -116.0
-104.0 76.0 -109.0 74.0
127.0 -33.0 122.0 -29.0
1.0 80.0 -5.0 84.0
-74.0 -65.0 -70.0 -68.0
-32.0 -26.0 -36.0 -32.0
54.0 31.0 61.0 35.0
92.0 -101.0 87.0 -99.0
-82.0 64.0 -79.0 69.0
68.0 -109.0 76.0 -105.0
31.0 111.0 27.0 114.0
64.0 4.0 59.0 2.0
-112.0 -65.0 -106.0 -67.0
-60.0 8.0 -64.0 15.0
91.0 -68.0 92.0 -74.0
95.0 -106.0 98.0 -99.0
-69.0 -116.0 -74.0 -122.0
-56.0 76.0 -58.0 82.0
83.0 -86.0 86.0 -93.0
-60.0 -70.0 -56.0 -64.0
69.0 117.0 72.0 121.0
-65.0 28.0 -66.0 34.0
-131.0 87.0 -126.0 93.0
96.0 -50.0 87.0 -53.0
-58.0 92.0 -61.0 100.0
105.0 -102.0 111.0 -98.0
-13.0 47.0 -19.0 44.0
64.0 82.0 68.0 89.0
79.0 -114.0 82.0 -121.0
-80.0 54.0 -89.0 52.0
-79.0 130.0 -75.0 124.0
55.0 -27.0 52.0 -19.0
-10.0 91.0 -13.0 95.0
-112.0 -99.0 -106.0 -102.0
40.0 18.0 35.0 13.0
28.0 -82.0 25.0 -88.0
-43.0 -104.0 -40.0 -99.0
17.0 63.0 14.0 68.0
26.0 -74.0 23.0 -79.0
-5.0 -18.0 2.0 -16.0
72.0 -114.0 76.0 -108.0
-56.0 -65.0 -60.0 -59.0
-107.0 -110.0 -115.0 -108.0
74.0 -85.0 66.0 -86.0
125.0 94.0 124.0 85.0
-80.0 -85.0 -88.0 -84.0
-24.0 -47.0 -16.0 -43.0
102.0 60.0 95.0 58.0
108.0 -123.0 103.0 -120.0
41.0 -123.0 35.0 -116.0
118.0 -128.0 126.0 -129.0
6.0 73.0 2.0 79.0
36.0 118.0 42.0 124.0
-72.0 42.0 -80.0 47.0
-48.0 3.0 -41.0 9.0
14.0 -43.0 17.0 -37.0
66.0 -1.0 70.0 -8.0
-51.0 114.0 -48.0 107.0
101.0 12.0 97.0 17.0
-43.0 -69.0 -37.0 -75.0
100.0 -30.0 97.0 -34.0
-43.0 83.0 -42.0 89.0
-78.0 86.0 -75.0 78.0
-92.0 103.0 -85.0 107.0
-103.0 -10.0 -94.0 -10.0
69.0 110.0 71.0 106.0
-114.0 -84.0 -113.0 -89.0
-73.0 -93.0 -80.0 -97.0
84.0 106.0 85.0 98.0
116.0 -102.0 120.0 -109.0
91.0 15.0 85.0 8.0
-86.0 -25.0 -94.0 -23.0
-97.0 -121.0 -99.0 -115.0
119.0 43.0 123.0 45.0
-49.0 -48.0 -56.0 -50.0
-37.0 -2.0 -46.0 3.0
105.0 -65.0 98.0 -59.0
-49.0 23.0 -54.0 17.0
5.0 -21.0 6.0 -28.0
-113.0 10.0 -115.0 0.0
-111.0 127.0 -119.0 127.0
-81.0 55.0 -73.0 58.0
97.0 -116.0 94.0 -112.0
-104.0 1.0 -105.0 -5.0
113.0 -75.0 119.0 -67.0
-25.0 47.0 -19.0 46.0
30.0 -8.0 25.0 -6.0
-134.0 47.0 -126.0 45.0
132.0 24.0 126.0 22.0
-112.0 84.0 -108.0 91.0
-59.0 -108.0 -65.0 -109.0
-82.0 98.0 -74.0 102.0
-23.0 29.0 -17.0 30.0
-23.0 72.0 -20.0 79.0
87.0 2.0 89.0 -6.0
-49.0 69.0 -55.0 68.0
-81.0 3.0 -77.0 10.0
-42.0 45.0 -38.0 36.0
-95.0 123.0 -89.0 126.0
-104.0 119.0 -100.0 127.0
-106.0 76.0 -111.0 73.0
45.0 -38.0 37.0 -39.0
-58.0 -130.0 -63.0 -128.0
15.0 57.0 8.0 55.0
8.0 -99.0 7.0 -92.0
99.0 -90.0 100.0 -81.0
-24.0 -39.0 -23.0 -33.0
-125.0 95.0 -120.0 94.0
-85.0 74.0 -78.0 70.0
119.0 15.0 122.0 8.0
-75.0 105.0 -82.0 111.0
-94.0 -20.0 -93.0 -15.0
114.0 7.0 119.0 2.0
-132.0 -83.0 -125.0 -86.0
91.0 -21.0 101.0 -20.0
-80.0 117.0 -87.0 114.0
73.0 86.0 70.0 93.0
-94.0 -123.0 -101.0 -123.0
83.0 -132.0 77.0 -128.0
-31.0 85.0 -33.0 90.0
-81.0 -91.0 -87.0 -91.0
91.0 -78.0 90.0 -87.0
-17.0 -40.0 -23.0 -42.0
19.0 78.0 14.0 75.0
27.0 56.0 32.0 59.0
-72.0 -122.0 -63.0 -124.0
-4.0 125.0 2.0 121.0
-129.0 44.0 -121.0 39.0
21.0 94.0 27.0 98.0
-113.0 -47.0 -116.0 -54.0
63.0 98.0 58.0 102.0
-74.0 41.0 -68.0 38.0
60.0 -101.0 59.0 -107.0
30.0 -105.0 23.0 -111.0
72.0 73.0 69.0 77.0
43.0 92.0 45.0 98.0
93.0 -30.0 89.0 -34.0
62.0 48.0 69.0 47.0
-89.0 127.0 -98.0 126.0
24.0 28.0 29.0 36.0
-113.0 115.0 -120.0 118.0
131.0 41.0 125.0 43.0
-35.0 60.0 -31.0 67.0
96.0 -31.0 95.0 -25.0
39.0 -37.0 33.0 -36.0
-31.0 -11.0 -25.0 -16.0
75.0 -79.0 71.0 -84.0
-76.0 -106.0 -73.0 -101.0
76.0 -93.0 69.0 -91.0
8.0 83.0 12.0 89.0
11.0 82.0 14.0 76.0
-10.0 19.0 -8.0 24.0
-52.0 -53.0 -44.0 -57.0
-49.0 96.0 -46.0 100.0
107.0 -70.0 101.0 -66.0
-125.0 -7.0 -131.0 -13.0
-39.0 -53.0 -41.0 -62.0
131.0 67.0 128.0 63.0
-133.0 118.0 -126.0 115.0
93.0 2.0 89.0 -7.0
88.0 5.0 92.0 9.0
-81.0 -38.0 -73.0 -36.0
76.0 -123.0 83.0 -129.0
-27.0 31.0 -25.0 38.0
-107.0 -83.0 -100.0 -82.0
88.0 116.0 81.0 112.0
93.0 58.0 99.0 61.0
20.0 -36.0 17.0 -44.0
-3.0 4.0 -10.0 6.0
1.0 -89.0 6.0 -97.0
20.0 104.0 26.0 104.0
13.0 -68.0 18.0 -59.0
-33.0 17.0 -36.0 23.0
125.0 -23.0 130.0 -15.0
25.0 -117.0 22.0 -113.0
-54.0 -98.0 -58.0 -104.0
88.0 -55.0 95.0 -54.0
88.0 88.0 95.0 95.0
93.0 -17.0 84.0 -19.0
48.0 -79.0 43.0 -72.0
10.0 -13.0 17.0 -16.0
-61.0 78.0 -60.0 72.0
48.0 -100.0 56.0 -99.0
89.0 -126.0 92.0 -130.0
-56.0 -90.0 -51.0 -90.0
126.0 -11.0 121.0 -16.0
-18.0 -28.0 -22.0 -25.0
-45.0 -17.0 -37.0 -19.0
-14.0 72.0 -11.0 81.0
-125.0 -36.0 -119.0 -38.0
-8.0 21.0 -7.0 31.0
-125.0 -80.0 -131.0 -80.0
79.0 118.0 75.0 114.0
45.0 91.0 38.0 92.0
60.0 34.0 54.0 28.0
-60.0 29.0 -65.0 34.0
-27.0 58.0 -29.0 65.0
18.0 -111.0 22.0 -115.0
-35.0 55.0 -27.0 50.0
129.0 -67.0 121.0 -64.0
77.0 -39.0 84.0 -43.0
-5.0 62.0 -6.0 70.0
73.0 69.0 79.0 65.0
81.0 78.0 84.0 85.0
-39.0 96.0 -31.0 95.0
125.0 38.0 132.0 39.0
35.0 102.0 28.0 103.0
-23.0 61.0 -20.0 66.0
-84.0 68.0 -93.0 66.0
-32.0 -71.0 -38.0 -79.0
23.0 -45.0 18.0 -47.0
77.0 -28.0 79.0 -34.0
-58.0 63.0 -51.0 64.0
65.0 -116.0 74.0 -114.0
14.0 -120.0 17.0 -129.0
41.0 82.0 42.0 75.0
49.0 -34.0 55.0 -40.0
71.0 -115.0 78.0 -114.0
-66.0 -56.0 -70.0 -61.0
-2.0 -48.0 3.0 -45.0
105.0 -80.0 114.0 -79.0
-89.0 120.0 -97.0 121.0
-86.0 -72.0 -91.0 -78.0
-56.0 -78.0 -57.0 -70.0
95.0 63.0 98.0 72.0
-106.0 129.0 -110.0 124.0
60.0 50.0 66.0 42.0
-66.0 15.0 -69.0 7.0
-124.0 3.0 -132.0 3.0
-47.0 -68.0 -43.0 -75.0
-16.0 119.0 -9.0 122.0
-13.0 -24.0 -7.0 -19.0
85.0 60.0 88.0 54.0
126.0 65.0 123.0 69.0
-52.0 80.0 -48.0 73.0
101.0 -125.0 98.0 -129.0
-78.0 -111.0 -76.0 -103.0
-31.0 -70.0 -26.0 -71.0
-32.0 113.0 -29.0 108.0
-15.0 81.0 -18.0 87.0
-55.0 70.0 -61.0 63.0
48.0 32.0 54.0 34.0
-99.0 -97.0 -90.0 -96.0
11.0 30.0 19.0 26.0
99.0 124.0 107.0 122.0
-113.0 -61.0 -115.0 -55.0
-93.0 -1.0 -87.0 1.0
16.0 -23.0 7.0 -19.0
-130.0 74.0 -126.0 68.0
-80.0 -59.0 -78.0 -52.0
-55.0 60.0 -48.0 60.0
-128.0 65.0 -123.0 69.0
-98.0 0.0 -100.0 6.0
30.0 -122.0 39.0 -121.0
61.0 -128.0 57.0 -122.0
33.0 2.0 36.0 -6.0
-122.0 109.0 -124.0 116.0
29.0 -4.0 20.0 -4.0
-17.0 127.0 -13.0 121.0
-68.0 41.0 -73.0 43.0
80.0 -7.0 85.0 -10.0
3.0 -26.0 7.0 -30.0
-26.0 14.0 -25.0 8.0
20.0 -102.0 23.0 -96.0
-127.0 -130.0 -123.0 -127.0
66.0 -96.0 65.0 -104.0
-79.0 -95.0 -85.0 -99.0
-115.0 -2.0 -123.0 -3.0
37.0 -100.0 30.0 -94.0
77.0 -55.0 82.0 -61.0
-72.0 -12.0 -77.0 -10.0
-101.0 42.0 -107.0 50.0
66.0 33.0 71.0 27.0
-101.0 100.0 -94.0 106.0
-62.0 -43.0 -65.0 -50.0
27.0 -12.0 21.0 -12.0
96.0 -27.0 100.0 -23.0
55.0 -106.0 60.0 -108.0
69.0 -28.0 74.0 -34.0
-78.0 -112.0 -84.0 -107.0
14.0 -22.0 19.0 -19.0
61.0 24.0 58.0 17.0
-61.0 114.0 -66.0 123.0
4.0 -131.0 9.0 -125.0
34.0 -52.0 41.0 -46.0
-17.0 -15.0 -12.0 -23.0
7.0 94.0 14.0 93.0
-74.0 -36.0 -68.0 -35.0
117.0 -44.0 124.0 -43.0
-100.0 55.0 -95.0 49.0
-36.0 -106.0 -29.0 -109.0
-104.0 92.0 -96.0 96.0
66.0 24.0 64.0 16.0
-101.0 35.0 -96.0 29.0
-110.0 106.0 -102.0 108.0
59.0 39.0 49.0 39.0
-111.0 -113.0 -118.0 -115.0
74.0 -98.0 67.0 -101.0
91.0 50.0 87.0 56.0
-109.0 106.0 -114.0 102.0
12.0 -86.0 17.0 -90.0
74.0 -89.0 64.0 -89.0
-76.0 40.0 -80.0 34.0
-122.0 -34.0 -118.0 -36.0
123.0 -84.0 130.0 -90.0
132.0 117.0 122.0 113.0
-77.0 -127.0 -83.0 -127.0
-53.0 130.0 -60.0 128.0
125.0 -85.0 132.0 -81.0
117.0 -66.0 109.0 -71.0
121.0 80.0 122.0 87.0
14.0 -125.0 10.0 -133.0
84.0 -16.0 77.0 -11.0
-29.0 -6.0 -22.0 -10.0
22.0 -34.0 16.0 -35.0
-3.0 -111.0 7.0 -113.0
-60.0 -72.0 -67.0 -71.0
2.0 101.0 8.0 96.0
-21.0 -82.0 -18.0 -87.0
26.0 -76.0 24.0 -85.0
23.0 110.0 19.0 103.0
-108.0 69.0 -102.0 76.0
-85.0 35.0 -80.0 37.0
90.0 85.0 96.0 86.0
8.0 -12.0 -1.0 -15.0
119.0 -20.0 120.0 -14.0
109.0 -128.0 117.0 -130.0
-53.0 62.0 -57.0 66.0
-73.0 28.0 -77.0 32.0
-57.0 35.0 -56.0 44.0
41.0 98.0 34.0 94.0
121.0 51.0 116.0 57.0
-68.0 42.0 -72.0 47.0
125.0 -93.0 126.0 -102.0
-121.0 -30.0 -115.0 -31.0
-72.0 75.0 -69.0 70.0
15.0 108.0 9.0 109.0
115.0 -95.0 118.0 -103.0
85.0 -13.0 87.0 -6.0
17.0 -12.0 25.0 -11.0
70.0 -17.0 65.0 -15.0
26.0 44.0 31.0 47.0
7.0 -63.0 9.0 -70.0
101.0 -44.0 95.0 -48.0
-14.0 -81.0 -12.0 -75.0
-45.0 71.0 -39.0 76.0
-100.0 32.0 -103.0 27.0
104.0 8.0 97.0 5.0
51.0 -73.0 46.0 -70.0
18.0 69.0 14.0 74.0
102.0 -81.0 99.0 -77.0
-32.0 66.0 -37.0 60.0
-18.0 47.0 -25.0 50.0
68.0 58.0 67.0 63.0
-46.0 -83.0 -41.0 -88.0
-68.0 -46.0 -75.0 -51.0
-26.0 90.0 -20.0 87.0
-115.0 130.0 -122.0 128.0
26.0 -89.0 21.0 -95.0
-45.0 -7.0 -51.0 -3.0
110.0 75.0 115.0 81.0
109.0 -114.0 110.0 -123.0
68.0 -108.0 59.0 -109.0
-113.0 82.0 -110.0 78.0
123.0 126.0 120.0 117.0
-28.0 -107.0 -23.0 -112.0
121.0 8.0 119.0 0.0
134.0 29.0 125.0 30.0
-68.0 16.0 -62.0 17.0
-6.0 -39.0 -11.0 -36.0
131.0 -35.0 127.0 -26.0
80.0 -3.0 82.0 2.0
18.0 -11.0 24.0 -8.0
116.0 80.0 120.0 88.0
6.0 -123.0 12.0 -124.0
-40.0 51.0 -41.0 43.0
11.0 1.0 12.0 -6.0
58.0 124.0 65.0 122.0
-118.0 -131.0 -121.0 -126.0
-3.0 -24.0 -11.0 -27.0
126.0 -52.0 122.0 -48.0
-11.0 -25.0 -4.0 -19.0
90.0 -62.0 83.0 -67.0
-115.0 12.0 -118.0 21.0
-48.0 -89.0 -42.0 -91.0
-89.0 -8.0 -93.0 -5.0
-122.0 20.0 -127.0 28.0
-126.0 -57.0 -123.0 -49.0
-130.0 116.0 -125.0 114.0
-24.0 85.0 -30.0 80.0
-45.0 101.0 -47.0 96.0
43.0 113.0 50.0 113.0
-59.0 72.0 -57.0 78.0
-120.0 31.0 -123.0 37.0
-113.0 65.0 -114.0 72.0
-19.0 80.0 -14.0 74.0
85.0 101.0 88.0 95.0
-115.0 -18.0 -120.0 -23.0
43.0 99.0 35.0 97.0
13.0 -116.0 21.0 -121.0
-45.0 -67.0 -51.0 -67.0
95.0 13.0 89.0 12.0
-124.0 42.0 -130.0 45.0
-100.0 20.0 -102.0 14.0
-63.0 -127.0 -58.0 -122.0
-7.0 -7.0 -14.0 -2.0
-29.0 103.0 -39.0 104.0
-23.0 106.0 -17.0 108.0
65.0 96.0 58.0 92.0
15.0 -76.0 20.0 -74.0
-64.0 51.0 -56.0 49.0
44.0 -19.0 39.0 -26.0
129.0 -6.0 125.0 -15.0
40.0 65.0 45.0 68.0
58.0 -81.0 64.0 -88.0
-38.0 -111.0 -39.0 -103.0
-30.0 76.0 -38.0 75.0
41.0 108.0 44.0 100.0
-69.0 35.0 -64.0 38.0
-83.0 -101.0 -78.0 -106.0
99.0 89.0 95.0 86.0
122.0 -28.0 114.0 -23.0
-67.0 127.0 -61.0 132.0
-110.0 -95.0 -114.0 -101.0
-68.0 -100.0 -74.0 -103.0
80.0 -122.0 74.0 -123.0
119.0 -72.0 122.0 -66.0
-132.0 104.0 -127.0 99.0
104.0 -124.0 110.0 -129.0
49.0 24.0 53.0 17.0
-14.0 -56.0 -19.0 -62.0
-67.0 -89.0 -76.0 -92.0
7.0 -53.0 13.0 -59.0
92.0 16.0 88.0 24.0
70.0 66.0 77.0 68.0
-95.0 116.0 -101.0 123.0
35.0 -14.0 39.0 -20.0
-132.0 -45.0 -127.0 -48.0
20.0 -45.0 22.0 -38.0
100.0 29.0 104.0 22.0
107.0 -128.0 102.0 -127.0
-45.0 97.0 -40.0 90.0
84.0 51.0 79.0 45.0
-49.0 -109.0 -43.0 -109.0
-100.0 -55.0 -108.0 -50.0
92.0 -56.0 101.0 -55.0
68.0 107.0 62.0 106.0
-26.0 112.0 -21.0 113.0
43.0 93.0 46.0 102.0
-98.0 -91.0 -101.0 -85.0
59.0 -81.0 50.0 -80.0
-90.0 25.0 -95.0 28.0
104.0 -104.0 101.0 -100.0
-115.0 -80.0 -108.0 -80.0
57.0 126.0 51.0 130.0
39.0 72.0 45.0 70.0
-128.0 -31.0 -120.0 -33.0
-108.0 70.0 -114.0 63.0
2.0 -58.0 -3.0 -53.0
-91.0 -72.0 -95.0 -64.0
-17.0 8.0 -24.0 6.0
51.0 133.0 50.0 126.0
-50.0 4.0 -44.0 10.0
-123.0 -46.0 -116.0 -40.0
71.0 77.0 73.0 70.0
8.0 -42.0 11.0 -35.0
-73.0 5.0 -66.0 2.0
-106.0 -110.0 -101.0 -109.0
-104.0 4.0 -100.0 7.0
-1.0 -24.0 3.0 -18.0
79.0 -62.0 85.0 -65.0
-89.0 -133.0 -84.0 -125.0
21.0 -125.0 26.0 -129.0
-62.0 38.0 -67.0 40.0
-123.0 -124.0 -128.0 -128.0
9.0 46.0 13.0 40.0
20.0 81.0 28.0 82.0
129.0 -76.0 128.0 -70.0
52.0 16.0 53.0 9.0
-6.0 -22.0 -1.0 -22.0
-20.0 41.0 -26.0 38.0
-87.0 6.0 -86.0 13.0
97.0 -6.0 93.0 -13.0
-18.0 1.0 -16.0 -5.0
112.0 67.0 111.0 58.0
-113.0 64.0 -109.0 58.0
7.0 -120.0 8.0 -115.0
-66.0 114.0 -70.0 109.0
-0.0 117.0 2.0 107.0
56.0 3.0 57.0 8.0
9.0 61.0 7.0 52.0
-19.0 -76.0 -24.0 -73.0
18.0 -20.0 27.0 -21.0
92.0 59.0 96.0 67.0
4.0 113.0 10.0 116.0
33.0 -107.0 26.0 -109.0
40.0 -36.0 38.0 -31.0
-105.0 -51.0 -107.0 -44.0
2.0 -37.0 8.0 -44.0
85.0 41.0 89.0 49.0
116.0 -62.0 120.0 -67.0
-110.0 -59.0 -107.0 -51.0
-102.0 26.0 -110.0 22.0
95.0 -45.0 89.0 -51.0
-116.0 64.0 -110.0 59.0
125.0 105.0 132.0 104.0
79.0 -7.0 85.0 -0.0
30.0 -90.0 31.0 -81.0
-43.0 -70.0 -39.0 -74.0
82.0 -63.0 91.0 -60.0
102.0 -15.0 98.0 -10.0
113.0 -45.0 116.0 -52.0
95.0 125.0 103.0 126.0
58.0 -80.0 65.0 -78.0
31.0 -30.0 30.0 -36.0
-97.0 77.0 -98.0 68.0
-41.0 -39.0 -46.0 -47.0
-80.0 22.0 -83.0 28.0
27.0 106.0 21.0 106.0
9.0 -72.0 5.0 -68.0
106.0 -131.0 99.0 -128.0
-5.0 -76.0 -10.0 -75.0
-56.0 26.0 -51.0 33.0
-61.0 -99.0 -68.0 -101.0
-63.0 -17.0 -60.0 -26.0
16.0 42.0 13.0 38.0
76.0 99.0 77.0 94.0
-97.0 -94.0 -92.0 -96.0
70.0 -117.0 75.0 -121.0
-33.0 126.0 -41.0 122.0
-1.0 -85.0 -4.0 -79.0
60.0 94.0 61.0 99.0
46.0 -61.0 49.0 -52.0
-125.0 111.0 -124.0 105.0
41.0 132.0 39.0 124.0
-131.0 127.0 -126.0 132.0
27.0 14.0 25.0 8.0
125.0 71.0 119.0 77.0
61.0 36.0 58.0 41.0
57.0 -95.0 51.0 -87.0
108.0 -112.0 111.0 -106.0
-8.0 -43.0 -3.0 -45.0
-106.0 9.0 -109.0 4.0
91.0 -76.0 93.0 -83.0
76.0 -101.0 72.0 -92.0
66.0 -34.0 70.0 -38.0
7.0 -116.0 -2.0 -116.0
34.0 32.0 32.0 37.0
-87.0 30.0 -84.0 25.0
-100.0 -63.0 -93.0 -69.0
112.0 121.0 117.0 121.0
129.0 104.0 131.0 98.0
35.0 120.0 32.0 127.0
32.0 -57.0 29.0 -66.0
-110.0 -104.0 -115.0 -102.0
-23.0 81.0 -16.0 76.0
86.0 -131.0 89.0 -127.0
99.0 -55.0 91.0 -56.0
-33.0 -95.0 -40.0 -94.0
-3.0 61.0 3.0 55.0
-112.0 -89.0 -114.0 -98.0
123.0 43.0 131.0 39.0
26.0 -44.0 23.0 -50.0
3.0 123.0 1.0 116.0
101.0 88.0 107.0 90.0
-69.0 42.0 -74.0 47.0
125.0 -115.0 118.0 -119.0
-95.0 16.0 -87.0 14.0
113.0 42.0 105.0 45.0
25.0 -103.0 29.0 -100.0
97.0 112.0 104.0 106.0
-20.0 79.0 -24.0 82.0
-28.0 -92.0 -25.0 -86.0
106.0 -76.0 100.0 -75.0
48.0 12.0 41.0 18.0
-51.0 -104.0 -42.0 -107.0
119.0 99.0 113.0 105.0
100.0 53.0 106.0 59.0
-133.0 26.0 -126.0 29.0
3.0 -47.0 7.0 -52.0
104.0 -40.0 113.0 -40.0
-48.0 47.0 -41.0 42.0
-121.0 -3.0 -122.0 -13.0
-13.0 -26.0 -23.0 -24.0
-9.0 62.0 -10.0 55.0
-26.0 -25.0 -24.0 -32.0
-112.0 50.0 -113.0 57.0
-12.0 -86.0 -10.0 -91.0
65.0 -54.0 62.0 -61.0
-40.0 -28.0 -46.0 -24.0
-23.0 36.0 -17.0 39.0
31.0 69.0 26.0 74.0
119.0 -17.0 117.0 -22.0
51.0 86.0 46.0 84.0
111.0 112.0 116.0 110.0
62.0 -35.0 67.0 -40.0
-54.0 -111.0 -60.0 -111.0
-32.0 -25.0 -40.0 -23.0
115.0 114.0 113.0 120.0
131.0 9.0 124.0 15.0
-41.0 -123.0 -43.0 -116.0
6.0 80.0 10.0 83.0
3.0 100.0 -4.0 99.0
-31.0 118.0 -39.0 112.0
20.0 101.0 14.0 104.0
84.0 -129.0 88.0 -124.0
-22.0 72.0 -17.0 70.0
45.0 -48.0 40.0 -53.0
-20.0 62.0 -19.0 57.0
82.0 100.0 81.0 107.0
-48.0 -100.0 -43.0 -103.0
-92.0 14.0 -88.0 5.0
58.0 -69.0 51.0 -68.0
-100.0 -67.0 -98.0 -71.0
34.0 -72.0 28.0 -71.0
-103.0 122.0 -99.0 129.0
28.0 27.0 20.0 27.0
-112.0 -1.0 -117.0 -4.0
-28.0 19.0 -25.0 26.0
-118.0 100.0 -124.0 101.0
72.0 -43.0 66.0 -42.0
66.0 -92.0 62.0 -97.0
-42.0 -118.0 -40.0 -124.0
57.0 82.0 51.0 82.0
83.0 -96.0 78.0 -88.0
-54.0 -79.0 -48.0 -82.0
-61.0 -124.0 -66.0 -126.0
53.0 115.0 47.0 115.0
78.0 -54.0 85.0 -59.0
-103.0 -85.0 -109.0 -85.0
3.0 -89.0 4.0 -83.0
40.0 41.0 31.0 42.0
-36.0 -68.0 -31.0 -66.0
23.0 -67.0 25.0 -62.0
38.0 -42.0 45.0 -44.0
95.0 16.0 90.0 13.0
24.0 91.0 17.0 91.0
33.0 57.0 38.0 52.0
1.0 54.0 -2.0 58.0
-12.0 102.0 -20.0 99.0
-63.0 37.0 -57.0 29.0
-47.0 58.0 -45.0 63.0
13.0 68.0 7.0 64.0
-90.0 -23.0 -89.0 -17.0
116.0 -7.0 122.0 -10.0
-30.0 -28.0 -32.0 -34.0
-98.0 21.0 -104.0 22.0
24.0 32.0 20.0 28.0
-46.0 -114.0 -40.0 -114.0
-6.0 104.0 -2.0 109.0
115.0 108.0 119.0 114.0
-76.0 88.0 -70.0 88.0
-47.0 115.0 -42.0 111.0
28.0 -39.0 26.0 -30.0
-76.0 66.0 -68.0 67.0
-101.0 31.0 -107.0 31.0
97.0 47.0 104.0 42.0
-3.0 87.0 -0.0 93.0
-89.0 -24.0 -87.0 -19.0
47.0 -90.0 52.0 -94.0
11.0 -65.0 10.0 -58.0
-120.0 107.0 -125.0 102.0
105.0 -32.0 98.0 -38.0
125.0 -97.0 116.0 -94.0
30.0 -4.0 22.0 -2.0
100.0 100.0 104.0 95.0
-99.0 -80.0 -93.0 -77.0
-31.0 29.0 -29.0 37.0
122.0 -81.0 129.0 -78.0
-111.0 48.0 -104.0 44.0
-88.0 -131.0 -94.0 -129.0
-34.0 59.0 -29.0 61.0
-93.0 -92.0 -96.0 -86.0
72.0 -19.0 71.0 -25.0
19.0 -16.0 24.0 -20.0
76.0 11.0 70.0 16.0
-46.0 -79.0 -51.0 -80.0
29.0 51.0 28.0 46.0
120.0 -34.0 116.0 -40.0
-44.0 114.0 -46.0 119.0
61.0 -30.0 55.0 -28.0
-27.0 124.0 -21.0 131.0
-49.0 -95.0 -42.0 -100.0
63.0 -84.0 71.0 -90.0
-109.0 -90.0 -110.0 -83.0
69.0 -24.0 72.0 -31.0
-107.0 -26.0 -101.0 -30.0
103.0 111.0 100.0 116.0
90.0 -103.0 81.0 -99.0
-89.0 69.0 -82.0 72.0
-74.0 -28.0 -84.0 -29.0
7.0 2.0 8.0 7.0
-120.0 18.0 -126.0 17.0
-121.0 96.0 -115.0 94.0
31.0 133.0 34.0 127.0
124.0 -33.0 121.0 -42.0
100.0 88.0 96.0 79.0
48.0 -0.0 42.0 0.0
-9.0 -62.0 -8.0 -53.0
77.0 -62.0 68.0 -63.0
-107.0 94.0 -111.0 90.0
32.0 39.0 39.0 37.0
-2.0 75.0 -1.0 65.0
-11.0 -115.0 -12.0 -108.0
105.0 20.0 103.0 27.0
68.0 -52.0 75.0 -57.0
-66.0 -46.0 -69.0 -39.0
50.0 -8.0 44.0 -3.0
-3.0 122.0 -2.0 117.0
-19.0 89.0 -16.0 84.0
83.0 -27.0 88.0 -24.0
37.0 -46.0 31.0 -53.0
-108.0 13.0 -104.0 20.0
-60.0 47.0 -55.0 44.0
-49.0 -115.0 -55.0 -117.0
-68.0 19.0 -65.0 25.0
53.0 -51.0 59.0 -46.0
120.0 110.0 121.0 104.0
-72.0 107.0 -78.0 108.0
87.0 73.0 86.0 67.0
40.0 -41.0 48.0 -40.0
30.0 -119.0 24.0 -122.0
14.0 -32.0 9.0 -29.0
100.0 -108.0 103.0 -101.0
-42.0 22.0 -47.0 18.0
110.0 -75.0 108.0 -70.0
-64.0 -114.0 -60.0 -121.0
-31.0 -126.0 -34.0 -134.0
45.0 -1.0 52.0 0.0
-23.0 116.0 -28.0 118.0
14.0 -24.0 7.0 -27.0
-8.0 79.0 -10.0 87.0
-45.0 -16.0 -50.0 -14.0
-43.0 27.0 -51.0 28.0
-23.0 -69.0 -17.0 -65.0
-124.0 -41.0 -129.0 -43.0
-2.0 -106.0 -7.0 -104.0
-80.0 118.0 -78.0 112.0
-112.0 42.0 -115.0 47.0
124.0 -55.0 128.0 -52.0
-15.0 -65.0 -10.0 -67.0
85.0 103.0 88.0 112.0
5.0 -109.0 10.0 -114.0
-4.0 -59.0 2.0 -65.0
-35.0 -14.0 -43.0 -11.0
-102.0 -37.0 -105.0 -45.0
76.0 16.0 69.0 20.0
-49.0 -57.0 -41.0 -59.0
67.0 34.0 61.0 30.0
-14.0 -117.0 -12.0 -110.0
-45.0 40.0 -50.0 36.0
-27.0 100.0 -22.0 104.0
-101.0 -127.0 -96.0 -124.0
36.0 104.0 30.0 111.0
-120.0 -83.0 -116.0 -80.0
42.0 -114.0 36.0 -108.0
-69.0 85.0 -64.0 81.0
-65.0 109.0 -58.0 104.0
-65.0 87.0 -71.0 86.0
69.0 -71.0 65.0 -64.0
-57.0 2.0 -62.0 8.0
9.0 31.0 7.0 24.0
20.0 -52.0 26.0 -54.0
-64.0 -30.0 -59.0 -31.0
18.0 47.0 14.0 51.0
-98.0 73.0 -102.0 81.0
-9.0 -102.0 -11.0 -96.0
-8.0 -19.0 -5.0 -13.0
23.0 -48.0 27.0 -41.0
-97.0 68.0 -88.0 68.0
12.0 124.0 17.0 121.0
121.0 98.0 125.0 102.0
-68.0 -85.0 -67.0 -76.0
-126.0 -59.0 -120.0 -65.0
103.0 65.0 109.0 72.0
-96.0 120.0 -89.0 116.0
-26.0 -75.0 -21.0 -79.0
58.0 -101.0 64.0 -93.0
81.0 -20.0 74.0 -19.0
101.0 90.0 95.0 89.0
-96.0 -39.0 -103.0 -35.0
3.0 -59.0 -0.0 -54.0
-125.0 -128.0 -129.0 -131.0
-125.0 -38.0 -133.0 -40.0
-94.0 29.0 -98.0 36.0
-109.0 75.0 -114.0 74.0
-14.0 -116.0 -21.0 -118.0
-121.0 11.0 -115.0 3.0
-64.0 122.0 -70.0 130.0
-29.0 53.0 -24.0 60.0
-74.0 -111.0 -68.0 -105.0
68.0 -133.0 70.0 -124.0
-62.0 108.0 -54.0 107.0
-43.0 75.0 -36.0 77.0
-116.0 55.0 -120.0 59.0
-44.0 -119.0 -49.0 -123.0
-14.0 12.0 -9.0 16.0
83.0 116.0 78.0 115.0
56.0 -8.0 52.0 -12.0
85.0 -1.0 88.0 -6.0
-21.0 46.0 -30.0 48.0
-32.0 51.0 -38.0 56.0
-69.0 74.0 -62.0 71.0
44.0 49.0 43.0 54.0
98.0 -57.0 107.0 -55.0
115.0 98.0 111.0 102.0
-49.0 45.0 -48.0 38.0
-129.0 -109.0 -125.0 -112.0
-130.0 73.0 -127.0 68.0
-125.0 86.0 -131.0 85.0
7.0 15.0 18.0 10.0
-66.0 -14.0 -68.0 -23.0
103.0 -9.0 108.0 -14.0
69.0 52.0 60.0 54.0
-107.0 -100.0 -103.0 -94.0
15.0 6.0 23.0 10.0
123.0 -27.0 118.0 -35.0
-48.0 -45.0 -45.0 -54.0
-11.0 49.0 -15.0 44.0
111.0 52.0 115.0 57.0
62.0 64.0 56.0 64.0
122.0 -110.0 125.0 -114.0
83.0 54.0 74.0 53.0
-8.0 107.0 -9.0 114.0
7.0 -36.0 -1.0 -34.0
98.0 -83.0 95.0 -75.0
7.0 -54.0 13.0 -60.0
-87.0 -62.0 -78.0 -59.0
38.0 116.0 43.0 124.0
-118.0 -108.0 -125.0 -106.0
32.0 -63.0 40.0 -64.0
42.0 5.0 49.0 4.0
107.0 -23.0 114.0 -28.0
-12.0 72.0 -7.0 64.0
-97.0 116.0 -98.0 110.0
-74.0 -56.0 -76.0 -60.0
-94.0 48.0 -87.0 40.0
54.0 -66.0 58.0 -62.0
115.0 93.0 106.0 92.0
27.0 -57.0 21.0 -58.0
8.0 73.0 3.0 71.0
-67.0 107.0 -66.0 99.0
-52.0 -125.0 -56.0 -132.0
112.0 -22.0 116.0 -18.0
84.0 19.0 87.0 14.0
32.0 63.0 26.0 56.0
-34.0 -84.0 -30.0 -88.0
-20.0 -124.0 -11.0 -126.0
-14.0 -110.0 -11.0 -104.0
-122.0 114.0 -121.0 109.0
-32.0 128.0 -39.0 130.0
-5.0 -91.0 -6.0 -99.0
-39.0 26.0 -48.0 27.0
-23.0 67.0 -16.0 70.0
-108.0 -18.0 -105.0 -24.0
0.0 82.0 7.0 83.0
42.0 23.0 37.0 26.0
50.0 -87.0 44.0 -83.0
13.0 -93.0 20.0 -91.0
-118.0 69.0 -127.0 71.0
31.0 93.0 28.0 89.0
66.0 -80.0 71.0 -77.0
-68.0 97.0 -71.0 92.0
-48.0 65.0 -47.0 59.0
53.0 -18.0 60.0 -14.0
83.0 34.0 77.0 29.0
-91.0 87.0 -82.0 90.0
-99.0 41.0 -105.0 40.0
43.0 4.0 38.0 -1.0
45.0 -61.0 39.0 -58.0
-67.0 -115.0 -75.0 -113.0
55.0 81.0 52.0 72.0
43.0 108.0 39.0 115.0
44.0 -78.0 39.0 -86.0
81.0 -52.0 78.0 -48.0
-125.0 19.0 -131.0 26.0
1.0 105.0 -8.0 102.0
70.0 -59.0 67.0 -52.0
127.0 112.0 119.0 113.0
55.0 -113.0 48.0 -119.0
82.0 -113.0 87.0 -113.0
31.0 -117.0 33.0 -109.0
38.0 -81.0 32.0 -85.0
78.0 108.0 83.0 109.0
49.0 -15.0 52.0 -10.0
35.0 41.0 26.0 38.0
-40.0 -31.0 -37.0 -24.0
57.0 -87.0 56.0 -92.0
-87.0 100.0 -84.0 105.0
122.0 2.0 124.0 10.0
50.0 29.0 42.0 27.0
1.0 -96.0 6.0 -101.0
102.0 -122.0 93.0 -118.0
-12.0 41.0 -19.0 41.0
-108.0 99.0 -116.0 102.0
-118.0 -83.0 -114.0 -88.0
-70.0 -76.0 -75.0 -74.0
-131.0 -71.0 -127.0 -74.0
-17.0 -109.0 -15.0 -116.0
-30.0 58.0 -22.0 62.0
-58.0 7.0 -56.0 12.0
-124.0 94.0 -118.0 90.0
119.0 97.0 126.0 98.0
86.0 -83.0 85.0 -90.0
70.0 34.0 74.0 39.0
-17.0 -107.0 -24.0 -113.0
-42.0 -19.0 -48.0 -16.0
-11.0 -42.0 -17.0 -49.0
57.0 28.0 55.0 22.0
61.0 -15.0 60.0 -22.0
126.0 -45.0 133.0 -41.0
-89.0 -6.0 -94.0 -1.0
35.0 78.0 29.0 79.0
52.0 125.0 58.0 126.0
-91.0 62.0 -83.0 60.0
60.0 93.0 67.0 96.0
114.0 110.0 107.0 106.0
48.0 -31.0 45.0 -37.0
-55.0 -114.0 -60.0 -112.0
-116.0 4.0 -120.0 8.0
-83.0 -27.0 -81.0 -20.0
-104.0 -76.0 -98.0 -77.0
91.0 -11.0 97.0 -5.0
97.0 -111.0 105.0 -113.0
-40.0 -77.0 -45.0 -76.0
42.0 40.0 48.0 36.0
-108.0 -57.0 -104.0 -60.0
16.0 61.0 24.0 63.0
-120.0 84.0 -121.0 74.0
33.0 9.0 35.0 17.0
95.0 -92.0 87.0 -89.0
-32.0 7.0 -39.0 11.0
76.0 -31.0 72.0 -24.0
98.0 -103.0 101.0 -99.0
-54.0 -32.0 -59.0 -30.0
49.0 -114.0 46.0 -123.0
45.0 -99.0 39.0 -92.0
27.0 -76.0 36.0 -73.0
83.0 -70.0 91.0 -66.0
-25.0 -71.0 -23.0 -76.0
112.0 -72.0 113.0 -79.0
-108.0 -86.0 -104.0 -90.0
-80.0 96.0 -71.0 95.0
-48.0 -113.0 -51.0 -106.0
-101.0 -37.0 -106.0 -35.0
87.0 118.0 84.0 127.0
42.0 55.0 34.0 58.0
121.0 3.0 116.0 -5.0
103.0 92.0 108.0 94.0
-47.0 37.0 -52.0 35.0
102.0 -91.0 105.0 -84.0
89.0 69.0 85.0 65.0
121.0 -13.0 127.0 -9.0
-99.0 -88.0 -100.0 -81.0
-39.0 98.0 -41.0 94.0
-10.0 -22.0 -3.0 -18.0
-29.0 122.0 -35.0 120.0
96.0 70.0 97.0 77.0
8.0 71.0 2.0 69.0
6.0 7.0 3.0 1.0
-111.0 -122.0 -103.0 -125.0
47.0 84.0 45.0 78.0
-13.0 66.0 -15.0 61.0
29.0 -20.0 23.0 -17.0
-98.0 112.0 -105.0 109.0
-17.0 110.0 -15.0 104.0
-52.0 -110.0 -51.0 -100.0
-41.0 13.0 -37.0 5.0
120.0 -10.0 110.0 -11.0
-126.0 36.0 -130.0 44.0
16.0 -43.0 11.0 -44.0
43.0 -76.0 36.0 -72.0
-35.0 -16.0 -43.0 -15.0
33.0 -92.0 27.0 -90.0
-77.0 48.0 -72.0 52.0
30.0 71.0 36.0 72.0
77.0 65.0 82.0 63.0
19.0 -115.0 10.0 -115.0
44.0 -21.0 50.0 -18.0
-77.0 -14.0 -71.0 -14.0
105.0 124.0 110.0 122.0
99.0 64.0 105.0 63.0
14.0 73.0 20.0 66.0
104.0 53.0 110.0 52.0
8.0 10.0 2.0 9.0
-46.0 1.0 -41.0 -4.0
124.0 -89.0 123.0 -95.0
-49.0 -78.0 -53.0 -74.0
36.0 30.0 31.0 30.0
73.0 -61.0 69.0 -55.0
-101.0 -26.0 -97.0 -30.0
-46.0 -5.0 -52.0 1.0
49.0 108.0 55.0 104.0
-1.0 48.0 -2.0 55.0
-12.0 -97.0 -15.0 -90.0
74.0 115.0 75.0 123.0
3.0 -119.0 -1.0 -128.0
-20.0 53.0 -15.0 56.0
-11.0 96.0 -1.0 96.0
130.0 -126.0 128.0 -131.0
-34.0 -11.0 -42.0 -11.0
-127.0 -84.0 -120.0 -87.0
-113.0 81.0 -119.0 86.0
-91.0 70.0 -87.0 74.0
-115.0 32.0 -107.0 33.0
34.0 -9.0 35.0 -4.0
91.0 -58.0 82.0 -55.0
81.0 -101.0 72.0 -102.0
5.0 -6.0 3.0 -1.0
-104.0 63.0 -95.0 59.0
31.0 -24.0 35.0 -20.0
56.0 -3.0 59.0 1.0
-127.0 -69.0 -128.0 -61.0
33.0 111.0 25.0 116.0
45.0 -82.0 53.0 -87.0
-79.0 72.0 -71.0 70.0
-80.0 -131.0 -84.0 -128.0
-98.0 -7.0 -105.0 -9.0
-86.0 -51.0 -80.0 -44.0
29.0 33.0 27.0 28.0
-96.0 51.0 -94.0 60.0
45.0 8.0 40.0 14.0
34.0 -14.0 35.0 -8.0
122.0 -42.0 127.0 -43.0
73.0 -8.0 69.0 -3.0
5.0 -85.0 13.0 -90.0
-81.0 -5.0 -89.0 -2.0
25.0 -107.0 19.0 -105.0
12.0 -23.0 20.0 -20.0
-1.0 -78.0 -7.0 -77.0
22.0 21.0 20.0 16.0
-32.0 -23.0 -30.0 -17.0
39.0 -73.0 37.0 -64.0
-65.0 128.0 -57.0 131.0
-6.0 58.0 -5.0 51.0
-40.0 26.0 -34.0 25.0
-102.0 -35.0 -99.0 -29.0
64.0 -46.0 61.0 -51.0
-51.0 30.0 -55.0 25.0
-99.0 93.0 -93.0 95.0
-124.0 -39.0 -127.0 -33.0
-107.0 4.0 -104.0 9.0
-46.0 -64.0 -55.0 -59.0
-124.0 121.0 -116.0 122.0
-52.0 -69.0 -48.0 -76.0
-22.0 116.0 -23.0 121.0
-21.0 -5.0 -26.0 -3.0
-126.0 -106.0 -132.0 -100.0
-102.0 96.0 -95.0 101.0
-128.0 -75.0 -122.0 -78.0
-85.0 28.0 -79.0 35.0
72.0 -53.0 69.0 -46.0
-4.0 -101.0 4.0 -105.0
-68.0 108.0 -74.0 100.0
92.0 12.0 86.0 9.0
60.0 118.0 64.0 114.0
72.0 45.0 79.0 46.0
-109.0 -92.0 -102.0 -94.0
3.0 2.0 -4.0 4.0
-81.0 -65.0 -87.0 -71.0
78.0 -83.0 80.0 -77.0
-67.0 90.0 -58.0 91.0
63.0 21.0 64.0 13.0
47.0 -15.0 38.0 -14.0
93.0 -45.0 103.0 -43.0
26.0 122.0 21.0 115.0
-31.0 -67.0 -32.0 -76.0
-13.0 67.0 -12.0 76.0
1.0 32.0 -9.0 31.0
89.0 29.0 84.0 24.0
-63.0 -83.0 -59.0 -77.0
-56.0 -75.0 -53.0 -66.0
21.0 72.0 26.0 66.0
-96.0 -103.0 -95.0 -113.0
86.0 20.0 90.0 17.0
106.0 -21.0 112.0 -24.0
-77.0 -20.0 -74.0 -25.0
-124.0 -42.0 -129.0 -46.0
19.0 -27.0 13.0 -25.0
-3.0 -68.0 4.0 -74.0
73.0 -34.0 78.0 -37.0
70.0 -120.0 75.0 -124.0
-80.0 132.0 -74.0 126.0
-56.0 78.0 -57.0 87.0
-36.0 91.0 -29.0 96.0
-69.0 -8.0 -72.0 -13.0
-18.0 -75.0 -16.0 -69.0
129.0 49.0 127.0 54.0
-53.0 -64.0 -44.0 -67.0
-103.0 -79.0 -111.0 -74.0
25.0 87.0 33.0 92.0
105.0 106.0 100.0 115.0
-16.0 -97.0 -22.0 -92.0
-107.0 -99.0 -111.0 -93.0
100.0 8.0 95.0 5.0
18.0 46.0 23.0 42.0
-81.0 60.0 -86.0 65.0
73.0 129.0 66.0 123.0
115.0 -121.0 114.0 -113.0
-55.0 -112.0 -49.0 -113.0
-73.0 7.0 -68.0 11.0
-86.0 94.0 -84.0 104.0
29.0 17.0 27.0 8.0
-105.0 11.0 -97.0 12.0
43.0 21.0 48.0 19.0
76.0 90.0 82.0 91.0
100.0 -105.0 96.0 -110.0
126.0 53.0 128.0 48.0
-133.0 -20.0 -124.0 -19.0
-62.0 -51.0 -67.0 -51.0
79.0 5.0 75.0 11.0
-115.0 -20.0 -109.0 -15.0
97.0 -130.0 101.0 -122.0
-30.0 -56.0 -28.0 -64.0
-83.0 -104.0 -85.0 -109.0
119.0 -39.0 122.0 -32.0
73.0 29.0 75.0 36.0
-82.0 20.0 -78.0 13.0
6.0 94.0 2.0 90.0
101.0 -97.0 95.0 -95.0
63.0 68.0 66.0 74.0
86.0 -92.0 91.0 -98.0
-2.0 -69.0 3.0 -75.0
126.0 -104.0 129.0 -111.0
100.0 79.0 110.0 76.0
75.0 -106.0 83.0 -102.0
96.0 99.0 105.0 102.0
68.0 123.0 63.0 116.0
-50.0 -114.0 -56.0 -117.0
-101.0 3.0 -100.0 -2.0
-129.0 -85.0 -128.0 -92.0
-101.0 71.0 -106.0 68.0
125.0 7.0 123.0 17.0
131.0 11.0 128.0 15.0
-1.0 97.0 4.0 94.0
-44.0 -132.0 -37.0 -126.0
3.0 -25.0 1.0 -31.0
33.0 -16.0 30.0 -20.0
92.0 -6.0 83.0 -4.0
-27.0 77.0 -22.0 79.0
-43.0 118.0 -36.0 123.0
82.0 -114.0 81.0 -107.0
-27.0 123.0 -35.0 118.0
-45.0 -83.0 -40.0 -86.0
63.0 45.0 65.0 35.0
53.0 15.0 58.0 11.0
-13.0 32.0 -19.0 33.0
53.0 21.0 48.0 27.0
63.0 9.0 73.0 10.0
64.0 -34.0 72.0 -32.0
-115.0 129.0 -108.0 129.0
-31.0 116.0 -26.0 110.0
-51.0 -2.0 -58.0 1.0
-21.0 29.0 -18.0 21.0
-85.0 -57.0 -82.0 -50.0
56.0 38.0 50.0 38.0
60.0 -45.0 54.0 -53.0
7.0 21.0 3.0 29.0
-17.0 -101.0 -26.0 -98.0
-30.0 -127.0 -33.0 -118.0
-94.0 72.0 -91.0 79.0
-2.0 -122.0 0.0 -117.0
-30.0 22.0 -28.0 16.0
70.0 -128.0 75.0 -129.0
13.0 97.0 16.0 92.0
-14.0 113.0 -21.0 114.0
-70.0 115.0 -79.0 117.0
-78.0 -65.0 -82.0 -61.0
-121.0 1.0 -128.0 7.0
-48.0 32.0 -45.0 38.0
-62.0 -61.0 -59.0 -65.0
-31.0 -96.0 -28.0 -89.0
-1.0 -76.0 5.0 -80.0
81.0 36.0 83.0 45.0
-80.0 -53.0 -75.0 -48.0
-100.0 -80.0 -95.0 -76.0
-90.0 -34.0 -93.0 -28.0
93.0 98.0 89.0 93.0
11.0 100.0 10.0 107.0
14.0 106.0 20.0 102.0
59.0 51.0 56.0 45.0
-42.0 16.0 -41.0 25.0
19.0 -83.0 20.0 -77.0
-27.0 -82.0 -34.0 -76.0
98.0 -80.0 99.0 -74.0
31.0 117.0 36.0 119.0
-77.0 74.0 -73.0 78.0
34.0 50.0 40.0 47.0
-127.0 112.0 -130.0 105.0
113.0 91.0 109.0 84.0
-36.0 48.0 -30.0 46.0
-119.0 121.0 -111.0 123.0
79.0 -35.0 76.0 -29.0
-110.0 99.0 -117.0 97.0
-116.0 -13.0 -121.0 -19.0
74.0 -117.0 78.0 -122.0
-29.0 -117.0 -23.0 -115.0
-100.0 -93.0 -94.0 -94.0
111.0 -85.0 109.0 -93.0
67.0 -70.0 68.0 -77.0
35.0 -93.0 29.0 -93.0
101.0 -1.0 106.0 -5.0
70.0 43.0 77.0 37.0
-17.0 -128.0 -11.0 -127.0
115.0 67.0 118.0 62.0
67.0 59.0 59.0 55.0
-113.0 -12.0 -117.0 -16.0
-67.0 14.0 -60.0 18.0
-132.0 4.0 -127.0 9.0
114.0 109.0 117.0 103.0
-77.0 -31.0 -84.0 -37.0
35.0 98.0 30.0 96.0
108.0 -51.0 117.0 -53.0
-99.0 -104.0 -104.0 -101.0
-71.0 14.0 -74.0 9.0
-33.0 87.0 -35.0 82.0
-51.0 113.0 -49.0 104.0
106.0 12.0 100.0 7.0
-96.0 -61.0 -102.0 -62.0
15.0 -74.0 11.0 -71.0
66.0 102.0 64.0 96.0
-127.0 -119.0 -120.0 -126.0
-59.0 46.0 -62.0 40.0
106.0 6.0 103.0 10.0
-98.0 -78.0 -95.0 -72.0
22.0 -8.0 14.0 -13.0
-40.0 -58.0 -35.0 -63.0
6.0 93.0 3.0 88.0
117.0 -3.0 109.0 0.0
-57.0 94.0 -50.0 99.0
-87.0 -112.0 -91.0 -121.0
-65.0 -3.0 -67.0 -9.0
105.0 -20.0 111.0 -23.0
-64.0 -11.0 -61.0 -7.0
28.0 59.0 21.0 56.0
-89.0 -111.0 -85.0 -104.0
-35.0 64.0 -33.0 73.0
-12.0 -126.0 -22.0 -125.0
87.0 62.0 89.0 57.0
-129.0 -107.0 -124.0 -111.0
-87.0 60.0 -93.0 61.0
102.0 120.0 95.0 124.0
56.0 -48.0 62.0 -41.0
-5.0 -92.0 0.0 -100.0
64.0 -80.0 69.0 -78.0
-10.0 -124.0 -6.0 -132.0
34.0 81.0 33.0 87.0
23.0 -74.0 22.0 -69.0
-104.0 -115.0 -108.0 -110.0
-82.0 25.0 -85.0 20.0
-83.0 124.0 -89.0 131.0
79.0 -27.0 82.0 -19.0
51.0 -43.0 57.0 -40.0
49.0 44.0 46.0 50.0
102.0 -25.0 108.0 -32.0
15.0 -57.0 13.0 -63.0
51.0 69.0 54.0 77.0
-15.0 -7.0 -17.0 -0.0
11.0 -5.0 8.0 -11.0
-48.0 131.0 -47.0 122.0
56.0 62.0 57.0 53.0
-119.0 14.0 -114.0 9.0
-22.0 -1.0 -17.0 -8.0
118.0 128.0 111.0 128.0
