100
-32.0 -17.0 -39.0 -15.0
-17.0 34.0 -23.0 35.0
30.0 -32.0 35.0 -24.0
-35.0 -33.0 -27.0 -25.0
8.0 -3.0 4.0 -9.0
7.0 50.0 9.0 43.0
-28.0 -35.0 -34.0 -43.0
-14.0 -7.0 -17.0 -2.0
19.0 -35.0 27.0 -39.0
29.0 -39.0 38.0 -46.0
44.0 -32.0 50.0 -31.0
-7.0 46.0 -9.0 54.0
39.0 7.0 49.0 2.0
-45.0 -4.0 -38.0 -6.0
-22.0 -28.0 -19.0 -40.0
-1.0 32.0 -0.0 22.0
47.0 -35.0 45.0 -44.0
-9.0 38.0 -14.0 28.0
25.0 -4.0 31.0 2.0
-49.0 44.0 -50.0 51.0
-53.0 10.0 -44.0 14.0
48.0 -9.0 38.0 -4.0
24.0 -45.0 17.0 -43.0
-42.0 12.0 -37.0 19.0
-28.0 7.0 -29.0 15.0
0.0 0.0 6.0 9.0
8.0 28.0 2.0 27.0
44.0 -45.0 36.0 -48.0
-32.0 35.0 -35.0 44.0
-14.0 31.0 -20.0 30.0
-12.0 47.0 -7.0 37.0
42.0 12.0 30.0 11.0
-44.0 24.0 -48.0 29.0
-40.0 -29.0 -41.0 -19.0
28.0 6.0 35.0 -2.0
-46.0 23.0 -35.0 25.0
2.0 -4.0 -9.0 -6.0
52.0 10.0 41.0 10.0
11.0 -47.0 21.0 -47.0
-31.0 9.0 -28.0 4.0
-34.0 2.0 -35.0 -9.0
-9.0 50.0 -7.0 44.0
-35.0 -35.0 -37.0 -45.0
42.0 26.0 31.0 23.0
-5.0 43.0 -6.0 32.0
-26.0 2.0 -19.0 -7.0
-55.0 8.0 -43.0 9.0
-45.0 -40.0 -40.0 -34.0
-9.0 -4.0 -10.0 5.0
-14.0 -39.0 -6.0 -43.0
2.0 3.0 10.0 -3.0
-2.0 1.0 5.0 9.0
-1.0 -36.0 -8.0 -41.0
-19.0 47.0 -10.0 41.0
22.0 10.0 26.0 17.0
-17.0 -41.0 -15.0 -31.0
26.0 -23.0 29.0 -29.0
-4.0 -7.0 -3.0 -14.0
-12.0 -24.0 -9.0 -35.0
-13.0 -43.0 -19.0 -45.0
25.0 -19.0 35.0 -18.0
34.0 -33.0 36.0 -41.0
-39.0 30.0 -44.0 27.0
-18.0 -30.0 -24.0 -22.0
39.0 17.0 40.0 24.0
24.0 53.0 31.0 45.0
-40.0 9.0 -36.0 2.0
33.0 -5.0 40.0 -8.0
-0.0 -25.0 -4.0 -36.0
-21.0 -31.0 -15.0 -30.0
45.0 11.0 53.0 13.0
27.0 -31.0 22.0 -25.0
-49.0 -39.0 -46.0 -31.0
-9.0 12.0 -8.0 20.0
-18.0 -44.0 -21.0 -37.0
9.0 -10.0 16.0 -19.0
1.0 42.0 -1.0 35.0
31.0 4.0 39.0 -4.0
1.0 -37.0 9.0 -33.0
19.0 24.0 13.0 34.0
38.0 42.0 46.0 51.0
42.0 36.0 34.0 32.0
-16.0 21.0 -15.0 10.0
-47.0 13.0 -42.0 16.0
17.0 -21.0 25.0 -27.0
14.0 16.0 5.0 20.0
32.0 -18.0 41.0 -15.0
-20.0 35.0 -26.0 42.0
-39.0 35.0 -49.0 37.0
34.0 -26.0 40.0 -33.0
13.0 31.0 12.0 41.0
-35.0 -20.0 -37.0 -31.0
-11.0 -18.0 -8.0 -25.0
-49.0 6.0 -38.0 10.0
36.0 32.0 31.0 27.0
44.0 -28.0 39.0 -37.0
-3.0 -2.0 -5.0 5.0
-23.0 21.0 -22.0 9.0
32.0 -31.0 31.0 -39.0
8.0 -39.0 4.0 -47.0
