-128.76 27.82
-127.18 26.64
-125.24 25.18
-117.11 -20.11
-106.60 56.00
-95.00 -3.00
-93.67 -3.83
-71.63 -75.35
-68.00 -94.00
-66.38 22.25
-66.20 14.45
-60.58 17.67
-58.14 -67.21
-56.33 -64.50
-54.50 63.50
-47.59 127.35
-44.79 129.75
-42.92 -70.08
-42.38 -69.62
-39.98 -67.55
-39.19 -66.88
-33.00 23.00
-27.38 59.31
-24.36 60.82
-22.57 61.71
-22.00 116.00
-20.84 -82.26
-20.05 78.89
-20.00 79.00
-19.67 116.00
-19.40 -84.67
-18.72 -85.80
-17.00 39.00
-9.73 -15.96
-6.18 -15.36
-6.00 -111.00
-2.50 -107.50
10.27 13.51
14.17 -22.19
14.97 11.38
19.54 -20.17
34.57 -54.14
44.33 -7.08
46.43 -109.00
46.44 -7.61
47.05 66.60
48.25 -109.00
49.89 -8.47
67.00 -89.00
69.05 9.61
69.67 -89.00
73.69 12.92
75.25 67.50
77.00 65.00
86.00 -113.00
86.44 -103.56
86.61 -104.13
86.91 -105.19
87.00 56.00
87.38 -4.97
87.43 -107.00
88.49 -113.93
88.76 53.35
88.82 -5.29
89.13 52.81
89.40 -99.96
89.67 -5.48
90.46 -32.54
90.92 123.26
92.35 -34.74
94.00 -116.00
95.00 -106.00
96.57 -74.00
97.18 -99.18
97.96 -99.10
99.52 -9.30
100.55 -106.73
101.95 -103.45
102.55 -102.06
103.23 9.69
103.95 10.29
109.73 -120.55
126.02 76.22
128.51 71.85
